811
LK_ID	LK_CMPSEQ	LK_NDUSID	LK_NDDSID	LK_RCUSID	LK_RCDSID	LK_TYPE
1	1	1	73	1	1	1
2	2	74	122	2	2	1
3	3	123	227	3	3	1
4	4	228	263	4	4	1
5	5	264	335	5	5	1
6	6	336	623	6	6	1
7	7	624	649	7	7	1
8	8	650	686	8	8	1
9	9	687	897	9	9	1
10	10	898	986	10	10	1
11	11	987	1142	11	11	1
12	12	1143	1241	12	12	1
13	13	1242	1403	13	13	1
14	14	1404	1443	14	14	1
15	15	1444	1531	15	15	1
16	16	1532	1547	16	16	1
17	17	1548	1549	17	17	1
18	18	1550	1757	18	18	1
19	19	1758	1842	19	19	1
20	20	1843	2218	20	20	1
21	21	2219	2367	21	21	1
22	22	2368	2630	22	22	1
23	23	2631	2834	23	23	1
24	24	2835	2984	24	24	1
25	25	2985	3156	25	25	1
26	26	3157	3225	26	26	1
27	27	3226	3314	27	27	1
28	28	3315	3329	28	28	1
29	29	3330	3438	29	29	1
30	30	3439	3561	30	30	1
31	31	3562	3648	31	31	1
32	32	3649	3668	32	32	1
33	33	3669	3716	33	33	1
34	34	3717	3792	34	34	1
35	35	3793	3885	35	35	1
36	36	3886	4192	36	36	1
37	37	4193	4590	37	37	1
38	38	4591	4820	38	38	1
39	39	4821	4845	39	39	1
40	40	4846	4904	40	40	1
41	41	4905	5200	41	41	1
42	42	5201	5235	42	42	1
43	43	5236	5368	43	43	1
44	44	5369	5505	44	44	1
45	45	5506	5535	45	45	1
46	46	5536	5583	46	46	1
47	47	5584	5639	47	47	1
48	48	5640	5689	48	48	1
49	49	5690	5799	49	49	1
50	50	5800	5814	50	50	1
51	51	5815	5851	51	51	1
52	52	5852	5939	52	52	1
53	53	5940	6136	53	53	1
54	54	6137	6245	54	54	1
55	55	6246	6397	55	55	1
56	56	6398	6565	56	56	1
57	57	6566	6809	57	57	1
58	58	6810	6875	58	58	1
59	59	6876	7027	59	59	1
60	60	7028	7102	60	60	1
61	61	7103	7170	61	61	1
62	62	7171	7308	62	62	1
63	63	7309	7409	63	63	1
64	64	7410	7503	64	64	1
65	65	7504	7551	65	65	1
66	66	7552	7666	66	66	1
67	67	7667	7825	67	67	1
68	68	7826	7893	68	68	1
69	69	7894	7973	69	69	1
70	70	7974	8236	70	70	1
71	71	8237	8347	71	71	1
72	72	8348	8426	72	72	1
73	73	8427	8557	73	73	1
74	74	8558	8738	74	74	1
75	75	8739	8830	75	75	1
76	76	8831	8937	76	76	1
77	77	8938	9254	77	77	1
78	78	9255	9355	78	78	1
79	79	9356	9367	79	79	1
80	80	9368	9467	80	80	1
81	81	9468	9501	81	81	1
82	82	9502	9615	82	82	1
83	83	9616	9994	83	83	1
84	84	9995	10059	84	84	1
85	85	10060	10148	85	85	1
86	86	10149	10419	86	86	1
87	87	10420	10582	87	87	1
88	88	10583	10780	88	88	1
89	89	10781	11007	89	89	1
90	90	11008	11156	90	90	1
91	91	11157	11281	91	91	1
92	92	11282	11350	92	92	1
93	93	11351	11407	93	93	1
94	94	11408	11437	94	94	1
95	95	11438	11465	95	95	1
96	96	11466	11770	96	96	1
97	97	11771	11868	97	97	1
98	98	11869	12014	98	98	1
99	99	12015	12021	99	99	1
100	100	12022	12119	100	100	1
101	101	12120	12161	101	101	1
102	102	12162	12280	102	102	1
103	103	12281	12351	103	103	1
104	104	12352	12378	104	104	1
105	105	12379	12621	105	105	1
106	106	12622	12747	106	106	1
107	107	12748	12858	107	107	1
108	108	12859	13088	108	108	1
109	109	13089	13210	109	109	1
110	110	13211	13386	110	110	1
111	111	13387	13548	111	111	1
112	112	13549	13634	112	112	1
113	113	13635	13743	113	113	1
114	114	13744	13873	114	114	1
115	115	13874	14037	115	115	1
116	116	14038	14117	116	116	1
117	117	14118	14193	117	117	1
118	118	14194	14209	118	118	1
119	119	14210	14286	119	119	1
120	120	14287	14324	120	120	1
121	121	14325	14383	121	121	1
122	122	14384	14529	122	122	1
123	123	14530	14592	123	123	1
124	124	14593	14705	124	124	1
125	125	14706	14804	125	125	1
126	126	14805	14844	126	126	1
127	127	14845	14986	127	127	1
128	128	14987	15034	128	128	1
129	129	15035	15395	129	129	1
130	130	15396	15625	130	130	1
131	131	15626	15763	131	131	1
132	132	15764	15920	132	132	1
133	133	15921	15939	133	133	1
134	134	15940	15983	134	134	1
135	135	15984	16072	135	135	1
136	136	16073	16154	136	136	1
137	137	16155	16239	137	137	1
138	138	16240	16467	138	138	1
139	139	16468	16525	139	139	1
140	140	16526	16635	140	140	1
141	141	16636	16644	141	141	1
142	142	16645	16786	142	142	1
143	143	16787	16810	143	143	1
144	144	16811	16944	144	144	1
145	145	16945	17108	145	145	1
146	146	17109	17286	146	146	1
147	147	17287	17334	147	147	1
148	148	17335	17387	148	148	1
149	149	17388	17547	149	149	1
150	150	17548	17823	150	150	1
151	151	17824	18088	151	151	1
152	152	18089	18204	152	152	1
153	153	18205	18262	153	153	1
154	154	18263	18427	154	154	1
155	155	18428	18550	155	155	1
156	156	18551	19198	156	156	1
157	157	19199	19258	157	157	1
158	158	19259	19290	158	158	1
159	159	19291	19317	159	159	1
160	160	19318	19405	160	160	1
161	161	19406	19474	161	161	1
162	162	19475	19564	162	162	1
163	163	19565	19683	163	163	1
164	164	19684	19740	164	164	1
165	165	19741	19981	165	165	1
166	166	19982	20133	166	166	1
167	167	20134	20586	167	167	1
168	168	20587	20628	168	168	1
169	169	20629	20983	169	169	1
170	170	20984	21059	170	170	1
171	171	21060	21163	171	171	1
172	172	21164	21192	172	172	1
173	173	21193	21305	173	173	1
174	174	21306	21505	174	174	1
175	175	21506	21579	175	175	1
176	176	21580	21663	176	176	1
177	177	21664	21691	177	177	1
178	178	21692	22064	178	178	1
179	179	22065	22195	179	179	1
180	180	22196	22347	180	180	1
181	181	22348	22353	181	181	1
182	182	22354	22521	182	182	1
183	183	22522	22580	183	183	1
184	184	22581	22631	184	184	1
185	185	22632	22829	185	185	1
186	186	22830	22907	186	186	1
187	187	22908	23131	187	187	1
188	188	23132	23267	188	188	1
189	189	23268	23404	189	189	1
190	190	23405	23508	190	190	1
191	191	23509	23669	191	191	1
192	192	23670	23777	192	192	1
193	193	23778	24151	193	193	1
194	194	24152	24167	194	194	1
195	195	24168	24178	195	195	1
196	196	24179	24374	196	196	1
197	197	24375	24380	197	197	1
198	198	24381	24644	198	198	1
199	199	24645	24676	199	199	1
200	200	24677	24771	200	200	1
201	201	24772	24803	201	201	1
202	202	24804	25109	202	202	1
203	203	25110	25130	203	203	1
204	204	25131	25336	204	204	1
205	205	25337	25490	205	205	1
206	206	25491	25679	206	206	1
207	207	25680	25699	207	207	1
208	208	25700	25769	208	208	1
209	209	25770	25844	209	209	1
210	210	25845	26121	210	210	1
211	211	26122	26511	211	211	1
212	212	26512	26679	212	212	1
213	213	26680	26718	213	213	1
214	214	26719	26756	214	214	1
215	215	26757	26987	215	215	1
216	216	26988	27087	216	216	1
217	217	27088	27295	217	217	1
218	218	27296	27413	218	218	1
219	219	27414	27436	219	219	1
220	220	27437	27462	220	220	1
221	221	27463	27495	221	221	1
222	222	27496	27606	222	222	1
223	223	27607	27675	223	223	1
224	224	27676	27748	224	224	1
225	225	27749	27786	225	225	1
226	226	27787	27802	226	226	1
227	227	27803	27861	227	227	1
228	228	27862	28078	228	228	1
229	229	28079	28110	229	229	1
230	230	28111	28392	230	230	1
231	231	28393	28494	231	231	1
232	232	28495	28574	232	232	1
233	233	28575	28831	233	233	1
234	234	28832	28932	234	234	1
235	235	28933	29195	235	235	1
236	236	29196	29450	236	236	1
237	237	29451	29548	237	237	1
238	238	29549	29700	238	238	1
239	239	29701	30043	239	239	1
240	240	30044	30112	240	240	1
241	241	30113	30195	241	241	1
242	242	30196	30458	242	242	1
243	243	30459	30495	243	243	1
244	244	30496	30629	244	244	1
245	245	30630	30632	245	245	1
246	246	30633	30699	246	246	1
247	247	30700	31224	247	247	1
248	248	31225	31298	248	248	1
249	249	31299	31325	249	249	1
250	250	31326	31424	250	250	1
251	251	31425	31466	251	251	1
252	252	31467	31528	252	252	1
253	253	31529	31835	253	253	1
254	254	31836	32130	254	254	1
255	255	32131	32172	255	255	1
256	256	32173	32392	256	256	1
257	257	32393	32613	257	257	1
258	258	32614	32671	258	258	1
259	259	32672	32827	259	259	1
260	260	32828	33022	260	260	1
261	261	33023	33167	261	261	1
262	262	33168	33662	262	262	1
263	263	33663	33695	263	263	1
264	264	33696	33834	264	264	1
265	265	33835	34186	265	265	1
266	266	34187	34374	266	266	1
267	267	34375	34736	267	267	1
268	268	34737	34781	268	268	1
269	269	34782	34804	269	269	1
270	270	34805	35217	270	270	1
271	271	35218	35437	271	271	1
272	272	35438	35455	272	272	1
273	273	35456	35557	273	273	1
274	274	35558	35641	274	274	1
275	275	35642	35753	275	275	1
276	276	35754	35816	276	276	1
277	277	35817	35944	277	277	1
278	278	35945	36177	278	278	1
279	279	36178	36231	279	279	1
280	280	36232	36431	280	280	1
281	281	36432	36471	281	281	1
282	282	36472	36554	282	282	1
283	283	36555	36598	283	283	1
284	284	36599	36632	284	284	1
285	285	36633	36820	285	285	1
286	286	36821	36978	286	286	1
287	287	36979	37183	287	287	1
288	288	37184	37236	288	288	1
289	289	37237	37259	289	289	1
290	290	37260	37545	290	290	1
291	291	37546	37749	291	291	1
292	292	37750	37774	292	292	1
293	293	37775	37880	293	293	1
294	294	37881	37944	294	294	1
295	295	37945	38042	295	295	1
296	296	38043	38075	296	296	1
297	297	38076	38260	297	297	1
298	298	38261	38373	298	298	1
299	299	38374	38433	299	299	1
300	300	38434	38488	300	300	1
301	301	38489	38681	301	301	1
302	302	38682	38715	302	302	1
303	303	38716	38796	303	303	1
304	304	38797	38962	304	304	1
305	305	38963	39021	305	305	1
306	306	39022	39415	306	306	1
307	307	39416	39420	307	307	1
308	308	39421	39579	308	308	1
309	309	39580	39706	309	309	1
310	310	39707	39841	310	310	1
311	311	39842	39967	311	311	1
312	312	39968	40065	312	312	1
313	313	40066	40100	313	313	1
314	314	40101	40231	314	314	1
315	315	40232	40321	315	315	1
316	316	40322	40399	316	316	1
317	317	40400	40419	317	317	1
318	318	40420	40554	318	318	1
319	319	40555	40738	319	319	1
320	320	40739	40968	320	320	1
321	321	40969	41037	321	321	1
322	322	41038	41111	322	322	1
323	323	41112	41212	323	323	1
324	324	41213	41434	324	324	1
325	325	41435	41450	325	325	1
326	326	41451	41661	326	326	1
327	327	41662	41865	327	327	1
328	328	41866	41905	328	328	1
329	329	41906	42074	329	329	1
330	330	42075	42289	330	330	1
331	331	42290	42416	331	331	1
332	332	42417	42534	332	332	1
333	333	42535	42560	333	333	1
334	334	42561	42756	334	334	1
335	335	42757	42894	335	335	1
336	336	42895	42940	336	336	1
337	337	42941	42996	337	337	1
338	338	42997	43009	338	338	1
339	339	43010	43210	339	339	1
340	340	43211	43295	340	340	1
341	341	43296	43314	341	341	1
342	342	43315	43360	342	342	1
343	343	43361	43419	343	343	1
344	344	43420	43438	344	344	1
345	345	43439	43716	345	345	1
346	346	43717	43752	346	346	1
347	347	43753	43893	347	347	1
348	348	43894	44010	348	348	1
349	349	44011	44121	349	349	1
350	350	44122	44154	350	350	1
351	351	44155	44281	351	351	1
352	352	44282	44360	352	352	1
353	353	44361	44381	353	353	1
354	354	44382	44545	354	354	1
355	355	44546	44722	355	355	1
356	356	44723	44781	356	356	1
357	357	44782	44863	357	357	1
358	358	44864	45037	358	358	1
359	359	45038	45097	359	359	1
360	360	45098	45269	360	360	1
361	361	45270	45337	361	361	1
362	362	45338	45659	362	362	1
363	363	45660	45687	363	363	1
364	364	45688	45712	364	364	1
365	365	45713	45994	365	365	1
366	366	45995	46170	366	366	1
367	367	46171	46354	367	367	1
368	368	46355	46424	368	368	1
369	369	46425	46523	369	369	1
370	370	46524	46702	370	370	1
371	371	46703	46763	371	371	1
372	372	46764	46853	372	372	1
373	373	46854	46968	373	373	1
374	374	46969	47107	374	374	1
375	375	47108	47290	375	375	1
376	376	47291	47369	376	376	1
377	377	47370	47416	377	377	1
378	378	47417	47418	378	378	1
379	379	47419	47578	379	379	1
380	380	47579	47759	380	380	1
381	381	47760	47807	381	381	1
382	382	47808	47965	382	382	1
383	383	47966	47968	383	383	1
384	384	47969	48114	384	384	1
385	385	48115	48140	385	385	1
386	386	48141	48292	386	386	1
387	387	48293	48303	387	387	1
388	388	48304	48339	388	388	1
389	389	48340	48538	389	389	1
390	390	48539	48670	390	390	1
391	391	48671	48797	391	391	1
392	392	48798	48827	392	392	1
393	393	48828	48869	393	393	1
394	394	48870	48928	394	394	1
395	395	48929	49045	395	395	1
396	396	49046	49216	396	396	1
397	397	49217	49410	397	397	1
398	398	49411	49453	398	398	1
399	399	49454	49628	399	399	1
400	400	49629	49831	400	400	1
401	401	49832	49863	401	401	1
402	402	49864	49901	402	402	1
403	403	49902	50000	403	403	1
404	404	50001	50287	404	404	1
405	405	50288	50678	405	405	1
406	406	50679	50711	406	406	1
407	407	50712	50902	407	407	1
408	408	50903	50952	408	408	1
409	409	50953	50976	409	409	1
410	410	50977	51256	410	410	1
411	411	51257	51281	411	411	1
412	412	51282	51746	412	412	1
413	413	51747	51767	413	413	1
414	414	51768	51856	414	414	1
415	415	51857	52070	415	415	1
416	416	52071	52149	416	416	1
417	417	52150	52187	417	417	1
418	418	52188	52619	418	418	1
419	419	52620	52644	419	419	1
420	420	52645	52713	420	420	1
421	421	52714	52752	421	421	1
422	422	52753	52819	422	422	1
423	423	52820	52921	423	423	1
424	424	52922	53046	424	424	1
425	425	53047	53086	425	425	1
426	426	53087	53350	426	426	1
427	427	53351	53382	427	427	1
428	428	53383	53450	428	428	1
429	429	53451	53487	429	429	1
430	430	53488	53551	430	430	1
431	431	53552	53661	431	431	1
432	432	53662	53702	432	432	1
433	433	53703	53750	433	433	1
434	434	53751	53764	434	434	1
435	435	53765	53867	435	435	1
436	436	53868	54010	436	436	1
437	437	54011	54157	437	437	1
438	438	54158	54250	438	438	1
439	439	54251	54318	439	439	1
440	440	54319	54423	440	440	1
441	441	54424	54483	441	441	1
442	442	54484	54500	442	442	1
443	443	54501	54724	443	443	1
444	444	54725	54810	444	444	1
445	445	54811	54900	445	445	1
446	446	54901	55031	446	446	1
447	447	55032	55085	447	447	1
448	448	55086	55123	448	448	1
449	449	55124	55177	449	449	1
450	450	55178	55319	450	450	1
451	451	55320	55426	451	451	1
452	452	55427	55437	452	452	1
453	453	55438	55524	453	453	1
454	454	55525	55576	454	454	1
455	455	55577	55608	455	455	1
456	456	55609	55780	456	456	1
457	457	55781	55876	457	457	1
458	458	55877	56110	458	458	1
459	459	56111	56212	459	459	1
460	460	56213	56291	460	460	1
461	461	56292	56404	461	461	1
462	462	56405	56442	462	462	1
463	463	56443	56595	463	463	1
464	464	56596	56601	464	464	1
465	465	56602	56898	465	465	1
466	466	56899	57150	466	466	1
467	467	57151	57202	467	467	1
468	468	57203	57217	468	468	1
469	469	57218	57372	469	469	1
470	470	57373	57462	470	470	1
471	471	57463	57564	471	471	1
472	472	57565	57600	472	472	1
473	473	57601	57715	473	473	1
474	474	57716	57846	474	474	1
475	475	57847	57916	475	475	1
476	476	57917	57992	476	476	1
477	477	57993	58123	477	477	1
478	478	58124	58147	478	478	1
479	479	58148	58283	479	479	1
480	480	58284	58339	480	480	1
481	481	58340	58389	481	481	1
482	482	58390	58449	482	482	1
483	483	58450	58585	483	483	1
484	484	58586	58681	484	484	1
485	485	58682	58781	485	485	1
486	486	58782	58889	486	486	1
487	487	58890	59047	487	487	1
488	488	59048	59077	488	488	1
489	489	59078	59193	489	489	1
490	490	59194	59333	490	490	1
491	491	59334	59505	491	491	1
492	492	59506	59665	492	492	1
493	493	59666	59746	493	493	1
494	494	59747	59809	494	494	1
495	495	59810	59868	495	495	1
496	496	59869	60219	496	496	1
497	497	60220	60302	497	497	1
498	498	60303	60434	498	498	1
499	499	60435	60452	499	499	1
500	500	60453	60478	500	500	1
501	501	60479	60504	501	501	1
502	502	60505	60776	502	502	1
503	503	60777	60917	503	503	1
504	504	60918	61138	504	504	1
505	505	61139	61422	505	505	1
506	506	61423	61448	506	506	1
507	507	61449	61460	507	507	1
508	508	61461	61656	508	508	1
509	509	61657	61846	509	509	1
510	510	61847	62017	510	510	1
511	511	62018	62075	511	511	1
512	512	62076	62265	512	512	1
513	513	62266	62328	513	513	1
514	514	62329	62358	514	514	1
515	515	62359	62435	515	515	1
516	516	62436	62514	516	516	1
517	517	62515	62837	517	517	1
518	518	62838	62954	518	518	1
519	519	62955	63056	519	519	1
520	520	63057	63137	520	520	1
521	521	63138	63392	521	521	1
522	522	63393	63432	522	522	1
523	523	63433	63476	523	523	1
524	524	63477	63572	524	524	1
525	525	63573	63646	525	525	1
526	526	63647	63719	526	526	1
527	527	63720	63779	527	527	1
528	528	63780	63833	528	528	1
529	529	63834	63936	529	529	1
530	530	63937	64062	530	530	1
531	531	64063	64089	531	531	1
532	532	64090	64146	532	532	1
533	533	64147	64232	533	533	1
534	534	64233	64268	534	534	1
535	535	64269	64305	535	535	1
536	536	64306	64464	536	536	1
537	537	64465	64633	537	537	1
538	538	64634	64664	538	538	1
539	539	64665	64847	539	539	1
540	540	64848	64898	540	540	1
541	541	64899	65153	541	541	1
542	542	65154	65212	542	542	1
543	543	65213	65314	543	543	1
544	544	65315	65392	544	544	1
545	545	65393	65493	545	545	1
546	546	65494	65579	546	546	1
547	547	65580	65674	547	547	1
548	548	65675	65732	548	548	1
549	549	65733	66244	549	549	1
550	550	66245	66297	550	550	1
551	551	66298	66429	551	551	1
552	552	66430	66502	552	552	1
553	553	66503	66535	553	553	1
554	554	66536	66765	554	554	1
555	555	66766	66817	555	555	1
556	556	66818	66851	556	556	1
557	557	66852	67055	557	557	1
558	558	67056	67193	558	558	1
559	559	67194	67284	559	559	1
560	560	67285	67354	560	560	1
561	561	67355	67446	561	561	1
562	562	67447	67590	562	562	1
563	563	67591	67784	563	563	1
564	564	67785	68050	564	564	1
565	565	68051	68055	565	565	1
566	566	68056	68076	566	566	1
567	567	68077	68142	567	567	1
568	568	68143	68284	568	568	1
569	569	68285	68348	569	569	1
570	570	68349	68595	570	570	1
571	571	68596	68840	571	571	1
572	572	68841	68902	572	572	1
573	573	68903	69187	573	573	1
574	574	69188	69277	574	574	1
575	575	69278	69489	575	575	1
576	576	69490	69704	576	576	1
577	577	69705	69827	577	577	1
578	578	69828	70047	578	578	1
579	579	70048	70131	579	579	1
580	580	70132	70187	580	580	1
581	581	70188	70622	581	581	1
582	582	70623	70779	582	582	1
583	583	70780	70993	583	583	1
584	584	70994	71096	584	584	1
585	585	71097	71130	585	585	1
586	586	71131	71196	586	586	1
587	587	71197	71413	587	587	1
588	588	71414	71518	588	588	1
589	589	71519	71530	589	589	1
590	590	71531	71570	590	590	1
591	591	71571	71644	591	591	1
592	592	71645	71738	592	592	1
593	593	71739	71917	593	593	1
594	594	71918	71989	594	594	1
595	595	71990	72175	595	595	1
596	596	72176	72246	596	596	1
597	597	72247	72376	597	597	1
598	598	72377	72491	598	598	1
599	599	72492	72728	599	599	1
600	600	72729	72816	600	600	1
601	601	72817	72898	601	601	1
602	602	72899	72921	602	602	1
603	603	72922	73008	603	603	1
604	604	73009	73150	604	604	1
605	605	73151	73217	605	605	1
606	606	73218	73353	606	606	1
607	607	73354	73372	607	607	1
608	608	73373	73416	608	608	1
609	609	73417	73456	609	609	1
610	610	73457	73559	610	610	1
611	611	73560	73616	611	611	1
612	612	73617	73677	612	612	1
613	613	73678	73924	613	613	1
614	614	73925	74341	614	614	1
615	615	74342	74597	615	615	1
616	616	74598	74936	616	616	1
617	617	74937	74942	617	617	1
618	618	74943	75053	618	618	1
619	619	75054	75384	619	619	1
620	620	75385	75529	620	620	1
621	621	75530	75816	621	621	1
622	622	75817	75936	622	622	1
623	623	75937	75978	623	623	1
624	624	75979	76031	624	624	1
625	625	76032	76138	625	625	1
626	626	76139	76156	626	626	1
627	627	76157	76218	627	627	1
628	628	76219	76408	628	628	1
629	629	76409	76450	629	629	1
630	630	76451	76834	630	630	1
631	631	76835	76856	631	631	1
632	632	76857	76990	632	632	1
633	633	76991	77015	633	633	1
634	634	77016	77175	634	634	1
635	635	77176	77368	635	635	1
636	636	77369	77601	636	636	1
637	637	77602	77850	637	637	1
638	638	77851	77894	638	638	1
639	639	77895	78017	639	639	1
640	640	78018	78144	640	640	1
641	641	78145	78222	641	641	1
642	642	78223	78263	642	642	1
643	643	78264	78384	643	643	1
644	644	78385	78528	644	644	1
645	645	78529	78635	645	645	1
646	646	78636	78721	646	646	1
647	647	78722	78787	647	647	1
648	648	78788	78860	648	648	1
649	649	78861	78989	649	649	1
650	650	78990	79009	650	650	1
651	651	79010	79058	651	651	1
652	652	79059	79074	652	652	1
653	653	79075	79097	653	653	1
654	654	79098	79156	654	654	1
655	655	79157	79271	655	655	1
656	656	79272	79374	656	656	1
657	657	79375	79420	657	657	1
658	658	79421	79423	658	658	1
659	659	79424	79433	659	659	1
660	660	79434	79943	660	660	1
661	661	79944	80137	661	661	1
662	662	80138	80208	662	662	1
663	663	80209	80325	663	663	1
664	664	80326	80369	664	664	1
665	665	80370	80506	665	665	1
666	666	80507	80537	666	666	1
667	667	80538	80847	667	667	1
668	668	80848	80916	668	668	1
669	669	80917	80958	669	669	1
670	670	80959	80982	670	670	1
671	671	80983	81038	671	671	1
672	672	81039	81210	672	672	1
673	673	81211	81357	673	673	1
674	674	81358	81554	674	674	1
675	675	81555	81708	675	675	1
676	676	81709	81781	676	676	1
677	677	81782	81954	677	677	1
678	678	81955	81990	678	678	1
679	679	81991	82087	679	679	1
680	680	82088	82116	680	680	1
681	681	82117	82181	681	681	1
682	682	82182	82263	682	682	1
683	683	82264	82335	683	683	1
684	684	82336	82374	684	684	1
685	685	82375	82446	685	685	1
686	686	82447	82580	686	686	1
687	687	82581	82818	687	687	1
688	688	82819	82851	688	688	1
689	689	82852	82884	689	689	1
690	690	82885	82988	690	690	1
691	691	82989	83156	691	691	1
692	692	83157	83165	692	692	1
693	693	83166	83423	693	693	1
694	694	83424	83438	694	694	1
695	695	83439	83718	695	695	1
696	696	83719	83886	696	696	1
697	697	83887	83925	697	697	1
698	698	83926	83984	698	698	1
699	699	83985	84134	699	699	1
700	700	84135	84174	700	700	1
701	701	84175	84233	701	701	1
702	702	84234	84243	702	702	1
703	703	84244	84294	703	703	1
704	704	84295	84611	704	704	1
705	705	84612	84814	705	705	1
706	706	84815	85040	706	706	1
707	707	85041	85059	707	707	1
708	708	85060	85090	708	708	1
709	709	85091	85307	709	709	1
710	710	85308	85381	710	710	1
711	711	85382	85537	711	711	1
712	712	85538	85608	712	712	1
713	713	85609	85762	713	713	1
714	714	85763	85902	714	714	1
715	715	85903	86170	715	715	1
716	716	86171	86230	716	716	1
717	717	86231	86376	717	717	1
718	718	86377	86385	718	718	1
719	719	86386	86585	719	719	1
720	720	86586	86671	720	720	1
721	721	86672	86706	721	721	1
722	722	86707	86750	722	722	1
723	723	86751	86944	723	723	1
724	724	86945	86985	724	724	1
725	725	86986	87087	725	725	1
726	726	87088	87338	726	726	1
727	727	87339	87955	727	727	1
728	728	87956	87993	728	728	1
729	729	87994	88282	729	729	1
730	730	88283	88327	730	730	1
731	731	88328	88368	731	731	1
732	732	88369	88439	732	732	1
733	733	88440	88659	733	733	1
734	734	88660	88795	734	734	1
735	735	88796	89116	735	735	1
736	736	89117	89159	736	736	1
737	737	89160	89271	737	737	1
738	738	89272	89394	738	738	1
739	739	89395	89435	739	739	1
740	740	89436	89686	740	740	1
741	741	89687	89806	741	741	1
742	742	89807	89828	742	742	1
743	743	89829	89863	743	743	1
744	744	89864	89988	744	744	1
745	745	89989	90112	745	745	1
746	746	90113	90220	746	746	1
747	747	90221	90398	747	747	1
748	748	90399	90444	748	748	1
749	749	90445	90492	749	749	1
750	750	90493	90512	750	750	1
751	751	90513	90549	751	751	1
752	752	90550	90557	752	752	1
753	753	90558	90663	753	753	1
754	754	90664	90668	754	754	1
755	755	90669	90916	755	755	1
756	756	90917	90935	756	756	1
757	757	90936	90957	757	757	1
758	758	90958	91149	758	758	1
759	759	91150	91155	759	759	1
760	760	91156	91354	760	760	1
761	761	91355	91402	761	761	1
762	762	91403	91667	762	762	1
763	763	91668	91825	763	763	1
764	764	91826	91920	764	764	1
765	765	91921	91954	765	765	1
766	766	91955	92007	766	766	1
767	767	92008	92076	767	767	1
768	768	92077	92139	768	768	1
769	769	92140	92264	769	769	1
770	770	92265	92327	770	770	1
771	771	92328	92393	771	771	1
772	772	92394	92471	772	772	1
773	773	92472	92525	773	773	1
774	774	92526	92715	774	774	1
775	775	92716	92734	775	775	1
776	776	92735	93047	776	776	1
777	777	93048	93257	777	777	1
778	778	93258	93479	778	778	1
779	779	93480	93937	779	779	1
780	780	93938	94007	780	780	1
781	781	94008	94055	781	781	1
782	782	94056	94603	782	782	1
783	783	94604	94784	783	783	1
784	784	94785	94936	784	784	1
785	785	94937	95021	785	785	1
786	786	95022	95138	786	786	1
787	787	95139	95324	787	787	1
788	788	95325	95359	788	788	1
789	789	95360	95560	789	789	1
790	790	95561	95597	790	790	1
791	791	95598	95639	791	791	1
792	792	95640	95670	792	792	1
793	793	95671	95752	793	793	1
794	794	95753	95959	794	794	1
795	795	95960	95976	795	795	1
796	796	95977	95985	796	796	1
797	797	95986	96029	797	797	1
798	798	96030	96261	798	798	1
799	799	96262	96378	799	799	1
800	800	96379	96485	800	800	1
801	801	96486	96562	801	801	1
802	802	96563	96922	802	802	1
803	803	96923	96988	803	803	1
804	804	96989	97197	804	804	1
805	805	97198	97252	805	805	1
806	806	97253	97290	806	806	1
807	807	97291	97487	807	807	1
808	808	97488	97748	808	808	1
809	809	97749	97824	809	809	1
810	810	97825	97876	810	810	1
811	811	97877	98057	811	811	1
