737
RC_ID	RC_NDUSID	RC_NDDSID	RC_ORDER	RC_LENGTH
1	1	2	1	3.0
2	2	3	1	3.0
3	3	4	1	3.0
4	4	5	1	4.242640687119285
5	5	6	1	3.0
6	6	7	1	3.0
7	7	8	1	4.242640687119285
8	8	9	1	3.0
9	9	10	1	3.0
10	10	11	1	3.0
11	11	12	1	4.242640687119285
12	12	13	1	3.0
13	13	14	1	3.0
14	14	15	1	3.0
15	15	16	1	3.0
16	16	17	1	3.0
17	17	18	1	3.0
18	18	19	1	3.0
19	19	20	1	3.0
20	20	21	1	3.0
21	21	22	1	4.242640687119285
22	22	23	1	4.242640687119285
23	23	24	1	3.0
24	24	25	1	3.0
25	25	26	1	3.0
26	26	27	1	3.0
27	27	28	1	3.0
28	28	29	1	4.242640687119285
29	29	30	1	3.0
30	30	31	1	3.0
31	31	32	1	3.0
32	32	33	1	3.0
33	33	34	1	3.0
34	34	35	1	4.242640687119285
35	35	36	1	4.242640687119285
36	36	37	1	3.0
37	37	38	1	3.0
38	38	39	1	4.242640687119285
39	39	40	1	3.0
40	40	41	1	3.0
41	41	42	1	4.242640687119285
42	42	43	1	3.0
43	43	44	1	3.0
44	44	45	1	4.242640687119285
45	45	46	1	3.0
46	46	47	1	4.242640687119285
47	47	48	1	4.242640687119285
48	48	49	1	4.242640687119285
49	49	50	1	4.242640687119285
50	50	51	1	3.0
51	51	52	1	3.0
52	52	53	1	4.242640687119285
53	53	54	1	3.0
54	54	55	1	4.242640687119285
55	55	56	1	3.0
56	56	57	1	4.242640687119285
57	57	58	1	3.0
58	58	59	1	3.0
59	59	60	1	3.0
60	60	61	1	4.242640687119285
61	61	62	1	4.242640687119285
62	62	63	1	3.0
63	63	64	1	3.0
64	64	65	1	3.0
65	65	66	1	4.242640687119285
66	66	67	1	3.0
67	67	68	1	3.0
68	68	69	1	4.242640687119285
69	69	70	1	3.0
70	70	71	1	3.0
71	71	72	1	3.0
72	72	73	1	4.242640687119285
73	73	74	1	3.0
74	74	75	1	3.0
75	75	76	1	4.242640687119285
76	76	77	1	3.0
77	77	78	1	3.0
78	78	79	1	3.0
79	79	80	1	3.0
80	80	81	1	4.242640687119285
81	81	82	1	3.0
82	82	83	1	3.0
83	83	84	1	3.0
84	84	85	1	3.0
85	85	86	1	3.0
86	86	87	1	3.0
87	87	88	1	3.0
88	88	89	1	3.0
89	89	90	1	4.242640687119285
90	90	91	1	3.0
91	91	92	1	3.0
92	92	93	1	4.242640687119285
93	93	94	1	3.0
94	94	95	1	3.0
95	95	96	1	3.0
96	96	97	1	4.242640687119285
97	97	98	1	4.242640687119285
98	98	99	1	4.242640687119285
99	99	100	1	4.242640687119285
100	100	101	1	4.242640687119285
101	101	102	1	4.242640687119285
102	102	103	1	4.242640687119285
103	103	104	1	4.242640687119285
104	104	105	1	4.242640687119285
105	105	106	1	4.242640687119285
106	106	107	1	4.242640687119285
107	107	108	1	3.0
108	108	109	1	3.0
109	109	110	1	4.242640687119285
110	110	111	1	3.0
111	111	112	1	4.242640687119285
112	112	113	1	4.242640687119285
113	113	114	1	3.0
114	114	115	1	3.0
115	115	116	1	3.0
116	116	117	1	3.0
117	117	118	1	3.0
118	118	119	1	3.0
119	119	120	1	3.0
120	120	121	1	3.0
121	121	122	1	3.0
122	122	123	1	3.0
123	123	124	1	3.0
124	124	125	1	3.0
125	125	126	1	4.242640687119285
126	126	127	1	4.242640687119285
127	127	128	1	3.0
128	128	129	1	3.0
129	129	130	1	3.0
130	130	131	1	3.0
131	131	132	1	3.0
132	132	133	1	3.0
133	133	134	1	3.0
134	134	135	1	3.0
135	135	136	1	3.0
136	136	137	1	4.242640687119285
137	137	138	1	4.242640687119285
138	138	139	1	4.242640687119285
139	139	140	1	3.0
140	140	141	1	4.242640687119285
141	141	142	1	3.0
142	142	143	1	4.242640687119285
143	143	144	1	3.0
144	144	145	1	4.242640687119285
145	145	146	1	3.0
146	146	147	1	3.0
147	147	148	1	3.0
148	148	149	1	4.242640687119285
149	149	150	1	4.242640687119285
150	150	151	1	4.242640687119285
151	151	152	1	4.242640687119285
152	152	153	1	3.0
153	153	154	1	3.0
154	154	155	1	4.242640687119285
155	155	156	1	3.0
156	156	157	1	3.0
157	157	158	1	3.0
158	158	159	1	3.0
159	159	160	1	3.0
160	160	161	1	4.242640687119285
161	161	162	1	3.0
162	162	163	1	3.0
163	163	164	1	3.0
164	164	165	1	3.0
165	165	166	1	3.0
166	166	167	1	3.0
167	167	168	1	3.0
168	168	169	1	3.0
169	169	170	1	3.0
170	170	171	1	3.0
171	171	172	1	3.0
172	172	173	1	4.242640687119285
173	173	174	1	3.0
174	174	175	1	3.0
175	175	176	1	3.0
176	176	177	1	4.242640687119285
177	177	178	1	4.242640687119285
178	178	179	1	3.0
179	179	180	1	4.242640687119285
180	180	181	1	3.0
181	181	182	1	4.242640687119285
182	182	183	1	4.242640687119285
183	183	184	1	4.242640687119285
184	184	185	1	3.0
185	185	186	1	3.0
186	186	187	1	3.0
187	187	188	1	3.0
188	188	189	1	3.0
189	189	190	1	3.0
190	190	191	1	3.0
191	191	192	1	3.0
192	192	193	1	3.0
193	193	194	1	3.0
194	194	195	1	3.0
195	195	196	1	3.0
196	196	197	1	4.242640687119285
197	197	198	1	3.0
198	198	199	1	3.0
199	199	200	1	3.0
200	200	201	1	3.0
201	201	202	1	4.242640687119285
202	202	203	1	3.0
203	203	204	1	4.242640687119285
204	204	205	1	4.242640687119285
205	205	206	1	4.242640687119285
206	206	207	1	4.242640687119285
207	207	208	1	4.242640687119285
208	208	209	1	4.242640687119285
209	209	210	1	4.242640687119285
210	210	211	1	3.0
211	211	212	1	4.242640687119285
212	212	213	1	4.242640687119285
213	213	214	1	4.242640687119285
214	214	215	1	4.242640687119285
215	215	216	1	3.0
216	216	217	1	3.0
217	217	218	1	3.0
218	218	219	1	4.242640687119285
219	219	220	1	3.0
220	220	221	1	4.242640687119285
221	221	222	1	4.242640687119285
222	222	223	1	3.0
223	223	224	1	4.242640687119285
224	224	225	1	4.242640687119285
225	225	226	1	4.242640687119285
226	226	227	1	4.242640687119285
227	227	228	1	4.242640687119285
228	228	229	1	4.242640687119285
229	229	230	1	4.242640687119285
230	230	231	1	4.242640687119285
231	231	232	1	4.242640687119285
232	232	233	1	4.242640687119285
233	233	234	1	4.242640687119285
234	234	235	1	4.242640687119285
235	235	236	1	4.242640687119285
236	236	237	1	4.242640687119285
237	237	238	1	3.0
238	238	239	1	4.242640687119285
239	239	240	1	4.242640687119285
240	240	241	1	4.242640687119285
241	241	242	1	4.242640687119285
242	242	243	1	3.0
243	243	244	1	3.0
244	244	245	1	3.0
245	245	246	1	3.0
246	246	247	1	4.242640687119285
247	247	248	1	3.0
248	248	249	1	3.0
249	249	250	1	3.0
250	250	251	1	3.0
251	251	252	1	3.0
252	252	253	1	3.0
253	253	254	1	3.0
254	254	255	1	3.0
255	255	256	1	3.0
256	256	257	1	3.0
257	257	258	1	4.242640687119285
258	258	259	1	3.0
259	259	260	1	3.0
260	260	261	1	4.242640687119285
261	261	262	1	4.242640687119285
262	262	263	1	4.242640687119285
263	263	264	1	4.242640687119285
264	264	265	1	4.242640687119285
265	265	266	1	3.0
266	266	267	1	3.0
267	267	268	1	3.0
268	268	269	1	3.0
269	269	270	1	3.0
270	270	271	1	3.0
1	272	273	1	4.242640687119285
2	273	274	1	3.0
3	274	275	1	4.242640687119285
4	275	276	1	4.242640687119285
5	276	277	1	4.242640687119285
6	277	278	1	4.242640687119285
7	278	279	1	4.242640687119285
8	279	280	1	3.0
9	280	281	1	4.242640687119285
10	281	282	1	3.0
11	282	283	1	4.242640687119285
12	283	284	1	4.242640687119285
13	284	285	1	4.242640687119285
14	285	286	1	4.242640687119285
15	286	287	1	4.242640687119285
16	287	288	1	4.242640687119285
17	288	289	1	4.242640687119285
18	289	290	1	4.242640687119285
19	290	291	1	4.242640687119285
20	291	292	1	4.242640687119285
21	292	293	1	4.242640687119285
22	293	294	1	4.242640687119285
23	294	295	1	4.242640687119285
24	295	296	1	3.0
25	296	297	1	3.0
26	297	298	1	3.0
27	298	299	1	3.0
28	299	300	1	3.0
29	300	301	1	3.0
30	301	302	1	3.0
31	302	303	1	4.242640687119285
32	303	304	1	4.242640687119285
33	304	305	1	3.0
34	305	306	1	3.0
1	307	308	1	3.0
2	308	309	1	3.0
3	309	310	1	3.0
4	310	311	1	3.0
5	311	312	1	4.242640687119285
6	312	313	1	4.242640687119285
7	313	314	1	4.242640687119285
8	314	315	1	4.242640687119285
9	315	316	1	4.242640687119285
10	316	317	1	4.242640687119285
11	317	318	1	4.242640687119285
12	318	319	1	4.242640687119285
13	319	320	1	4.242640687119285
14	320	321	1	4.242640687119285
15	321	322	1	4.242640687119285
16	322	323	1	4.242640687119285
17	323	324	1	4.242640687119285
18	324	325	1	4.242640687119285
19	325	326	1	4.242640687119285
20	326	327	1	3.0
21	327	328	1	3.0
22	328	329	1	3.0
23	329	330	1	3.0
24	330	331	1	4.242640687119285
25	331	332	1	4.242640687119285
26	332	333	1	4.242640687119285
27	333	334	1	4.242640687119285
28	334	335	1	4.242640687119285
29	335	336	1	3.0
30	336	337	1	4.242640687119285
31	337	338	1	4.242640687119285
32	338	339	1	3.0
33	339	340	1	4.242640687119285
34	340	341	1	4.242640687119285
35	341	342	1	3.0
36	342	343	1	3.0
37	343	344	1	4.242640687119285
38	344	345	1	3.0
39	345	346	1	3.0
40	346	347	1	3.0
41	347	348	1	3.0
42	348	349	1	3.0
43	349	350	1	4.242640687119285
44	350	351	1	3.0
45	351	352	1	3.0
46	352	353	1	4.242640687119285
47	353	354	1	4.242640687119285
48	354	355	1	4.242640687119285
49	355	356	1	4.242640687119285
50	356	357	1	4.242640687119285
51	357	358	1	4.242640687119285
52	358	359	1	4.242640687119285
53	359	360	1	4.242640687119285
54	360	361	1	4.242640687119285
55	361	362	1	4.242640687119285
56	362	363	1	3.0
57	363	364	1	4.242640687119285
58	364	365	1	3.0
59	365	366	1	4.242640687119285
60	366	367	1	4.242640687119285
61	367	368	1	3.0
62	368	369	1	4.242640687119285
63	369	370	1	4.242640687119285
64	370	371	1	4.242640687119285
65	371	372	1	4.242640687119285
66	372	373	1	4.242640687119285
67	373	374	1	3.0
68	374	375	1	4.242640687119285
69	375	376	1	4.242640687119285
70	376	377	1	4.242640687119285
71	377	378	1	3.0
72	378	379	1	3.0
73	379	380	1	4.242640687119285
74	380	381	1	4.242640687119285
75	381	382	1	3.0
76	382	383	1	3.0
77	383	384	1	4.242640687119285
78	384	385	1	4.242640687119285
79	385	386	1	3.0
80	386	387	1	3.0
81	387	388	1	4.242640687119285
82	388	389	1	4.242640687119285
83	389	390	1	3.0
84	390	391	1	4.242640687119285
85	391	392	1	3.0
86	392	393	1	3.0
87	393	394	1	3.0
88	394	395	1	3.0
89	395	396	1	3.0
90	396	397	1	3.0
91	397	398	1	3.0
92	398	399	1	3.0
93	399	400	1	3.0
94	400	401	1	3.0
95	401	402	1	3.0
96	402	403	1	3.0
97	403	404	1	3.0
98	404	405	1	3.0
99	405	406	1	4.242640687119285
100	406	407	1	3.0
101	407	408	1	3.0
102	408	409	1	3.0
103	409	410	1	4.242640687119285
104	410	411	1	3.0
105	411	412	1	3.0
106	412	413	1	3.0
107	413	414	1	3.0
108	414	415	1	4.242640687119285
109	415	416	1	3.0
110	416	417	1	3.0
111	417	418	1	3.0
112	418	419	1	4.242640687119285
113	419	420	1	4.242640687119285
114	420	421	1	4.242640687119285
115	421	422	1	4.242640687119285
116	422	423	1	4.242640687119285
117	423	424	1	4.242640687119285
118	424	425	1	4.242640687119285
119	425	426	1	4.242640687119285
120	426	427	1	4.242640687119285
121	427	428	1	4.242640687119285
122	428	429	1	4.242640687119285
123	429	430	1	4.242640687119285
124	430	431	1	4.242640687119285
125	431	432	1	4.242640687119285
126	432	433	1	4.242640687119285
127	433	434	1	4.242640687119285
128	434	435	1	4.242640687119285
129	435	436	1	4.242640687119285
130	436	437	1	4.242640687119285
131	437	438	1	4.242640687119285
132	438	439	1	4.242640687119285
133	439	440	1	4.242640687119285
134	440	441	1	4.242640687119285
135	441	442	1	4.242640687119285
136	442	443	1	3.0
137	443	444	1	4.242640687119285
138	444	445	1	3.0
139	445	446	1	4.242640687119285
140	446	447	1	3.0
141	447	448	1	3.0
142	448	449	1	3.0
143	449	450	1	4.242640687119285
144	450	451	1	4.242640687119285
145	451	452	1	4.242640687119285
146	452	453	1	4.242640687119285
147	453	454	1	4.242640687119285
148	454	455	1	4.242640687119285
149	455	456	1	4.242640687119285
150	456	457	1	4.242640687119285
151	457	458	1	4.242640687119285
152	458	459	1	4.242640687119285
153	459	460	1	4.242640687119285
154	460	461	1	4.242640687119285
155	461	462	1	4.242640687119285
156	462	463	1	4.242640687119285
157	463	464	1	4.242640687119285
158	464	465	1	4.242640687119285
159	465	466	1	3.0
160	466	467	1	4.242640687119285
161	467	468	1	3.0
162	468	469	1	4.242640687119285
163	469	470	1	4.242640687119285
164	470	471	1	3.0
165	471	472	1	4.242640687119285
166	472	473	1	4.242640687119285
167	473	474	1	4.242640687119285
168	474	475	1	4.242640687119285
169	475	476	1	3.0
170	476	477	1	4.242640687119285
171	477	478	1	4.242640687119285
172	478	479	1	3.0
173	479	480	1	4.242640687119285
174	480	481	1	3.0
175	481	482	1	4.242640687119285
176	482	483	1	4.242640687119285
177	483	484	1	4.242640687119285
178	484	485	1	3.0
179	485	486	1	4.242640687119285
180	486	487	1	4.242640687119285
181	487	488	1	4.242640687119285
1	489	490	2	3.0
2	490	491	2	4.242640687119285
3	491	492	2	3.0
4	492	493	2	3.0
5	493	494	2	4.242640687119285
6	494	495	2	3.0
7	495	496	2	3.0
8	496	497	2	3.0
9	497	498	2	3.0
10	498	499	2	3.0
11	499	500	2	4.242640687119285
12	500	501	2	3.0
13	501	502	2	3.0
14	502	503	2	3.0
15	503	504	2	3.0
16	504	505	2	3.0
17	505	506	2	3.0
18	506	507	2	3.0
19	507	508	2	3.0
20	508	509	2	3.0
21	509	510	2	3.0
22	510	511	2	3.0
23	511	512	2	3.0
24	512	513	2	3.0
25	513	514	2	3.0
26	514	515	2	3.0
27	515	516	2	3.0
28	516	517	2	3.0
29	517	518	2	4.242640687119285
30	518	519	2	4.242640687119285
31	519	520	2	3.0
32	520	521	2	3.0
33	521	522	2	3.0
34	522	523	2	3.0
35	523	524	2	3.0
36	524	525	2	3.0
37	525	526	2	3.0
38	526	527	2	4.242640687119285
39	527	528	2	4.242640687119285
40	528	529	2	3.0
41	529	530	2	4.242640687119285
42	530	531	2	4.242640687119285
43	531	532	2	4.242640687119285
44	532	533	2	3.0
45	533	534	2	3.0
46	534	535	2	3.0
47	535	536	2	3.0
48	536	537	2	4.242640687119285
49	537	538	2	3.0
50	538	539	2	3.0
51	539	540	2	4.242640687119285
52	540	541	2	3.0
53	541	542	2	3.0
54	542	543	2	3.0
55	543	544	2	3.0
56	544	545	2	3.0
57	545	546	2	4.242640687119285
58	546	547	2	3.0
59	547	548	2	3.0
60	548	549	2	3.0
1	550	551	1	4.242640687119285
2	551	552	1	4.242640687119285
3	552	553	1	4.242640687119285
4	553	554	1	4.242640687119285
5	554	555	1	3.0
6	555	556	1	4.242640687119285
7	556	557	1	3.0
8	557	558	1	4.242640687119285
9	558	559	1	4.242640687119285
10	559	560	1	4.242640687119285
11	560	561	1	4.242640687119285
12	561	562	1	4.242640687119285
13	562	563	1	4.242640687119285
14	563	564	1	4.242640687119285
15	564	565	1	4.242640687119285
16	565	566	1	4.242640687119285
17	566	567	1	4.242640687119285
18	567	568	1	4.242640687119285
19	568	569	1	4.242640687119285
20	569	570	1	4.242640687119285
21	570	571	1	3.0
22	571	572	1	3.0
23	572	573	1	3.0
24	573	574	1	3.0
25	574	575	1	3.0
26	575	576	1	3.0
27	576	577	1	3.0
28	577	578	1	3.0
29	578	579	1	3.0
30	579	580	1	3.0
31	580	581	1	3.0
32	581	582	1	3.0
33	582	583	1	3.0
34	583	584	1	3.0
35	584	585	1	3.0
36	585	586	1	4.242640687119285
37	586	587	1	3.0
38	587	588	1	4.242640687119285
39	588	589	1	3.0
40	589	590	1	4.242640687119285
41	590	591	1	3.0
42	591	592	1	4.242640687119285
43	592	593	1	3.0
44	593	594	1	3.0
45	594	595	1	3.0
46	595	596	1	3.0
47	596	597	1	3.0
48	597	598	1	3.0
49	598	599	1	3.0
50	599	600	1	3.0
51	600	601	1	3.0
52	601	602	1	3.0
53	602	603	1	3.0
54	603	604	1	3.0
55	604	605	1	3.0
56	605	606	1	4.242640687119285
57	606	607	1	4.242640687119285
58	607	608	1	4.242640687119285
59	608	609	1	4.242640687119285
60	609	610	1	4.242640687119285
61	610	611	1	3.0
62	611	612	1	3.0
63	612	613	1	3.0
64	613	614	1	3.0
65	614	615	1	3.0
66	615	616	1	3.0
67	616	617	1	3.0
68	617	618	1	3.0
69	618	619	1	3.0
70	619	620	1	3.0
71	620	621	1	3.0
72	621	622	1	3.0
73	622	623	1	3.0
74	623	624	1	3.0
75	624	625	1	3.0
76	625	626	1	3.0
77	626	627	1	3.0
78	627	628	1	4.242640687119285
79	628	629	1	3.0
80	629	630	1	3.0
81	630	631	1	3.0
82	631	632	1	4.242640687119285
83	632	633	1	4.242640687119285
84	633	634	1	4.242640687119285
85	634	635	1	4.242640687119285
86	635	636	1	4.242640687119285
87	636	637	1	4.242640687119285
88	637	638	1	4.242640687119285
89	638	639	1	4.242640687119285
90	639	640	1	3.0
91	640	641	1	3.0
92	641	642	1	3.0
93	642	643	1	3.0
94	643	644	1	3.0
95	644	645	1	4.242640687119285
96	645	646	1	4.242640687119285
97	646	647	1	4.242640687119285
98	647	648	1	4.242640687119285
99	648	649	1	4.242640687119285
100	649	650	1	4.242640687119285
101	650	651	1	3.0
102	651	652	1	4.242640687119285
1	653	654	2	3.0
2	654	655	2	3.0
3	655	656	2	4.242640687119285
4	656	657	2	3.0
5	657	658	2	3.0
6	658	659	2	3.0
7	659	660	2	3.0
8	660	661	2	4.242640687119285
9	661	662	2	3.0
10	662	663	2	3.0
11	663	664	2	3.0
12	664	665	2	3.0
13	665	666	2	3.0
14	666	667	2	3.0
15	667	668	2	3.0
16	668	669	2	3.0
17	669	670	2	3.0
18	670	671	2	3.0
19	671	672	2	3.0
20	672	673	2	3.0
21	673	674	2	3.0
22	674	675	2	3.0
23	675	676	2	3.0
24	676	677	2	3.0
25	677	678	2	3.0
26	678	679	2	4.242640687119285
27	679	680	2	3.0
28	680	681	2	3.0
29	681	682	2	4.242640687119285
30	682	683	2	3.0
31	683	684	2	3.0
32	684	685	2	3.0
33	685	686	2	4.242640687119285
34	686	687	2	4.242640687119285
35	687	688	2	4.242640687119285
36	688	689	2	4.242640687119285
37	689	690	2	4.242640687119285
38	690	691	2	4.242640687119285
39	691	692	2	4.242640687119285
40	692	693	2	4.242640687119285
41	693	694	2	4.242640687119285
42	694	695	2	3.0
43	695	696	2	4.242640687119285
44	696	697	2	3.0
45	697	698	2	4.242640687119285
46	698	699	2	4.242640687119285
47	699	700	2	3.0
48	700	701	2	4.242640687119285
49	701	702	2	4.242640687119285
50	702	703	2	3.0
51	703	704	2	3.0
52	704	705	2	3.0
53	705	706	2	3.0
54	706	707	2	3.0
55	707	708	2	4.242640687119285
56	708	709	2	3.0
57	709	710	2	3.0
58	710	711	2	3.0
59	711	712	2	3.0
60	712	713	2	3.0
61	713	714	2	3.0
62	714	715	2	4.242640687119285
63	715	716	2	3.0
64	716	717	2	3.0
65	717	718	2	3.0
66	718	719	2	3.0
67	719	720	2	4.242640687119285
68	720	721	2	4.242640687119285
69	721	722	2	3.0
70	722	723	2	4.242640687119285
71	723	724	2	4.242640687119285
72	724	725	2	3.0
73	725	726	2	4.242640687119285
74	726	727	2	4.242640687119285
75	727	728	2	4.242640687119285
76	728	729	2	4.242640687119285
77	729	730	2	4.242640687119285
78	730	731	2	4.242640687119285
79	731	732	2	3.0
80	732	733	2	4.242640687119285
81	733	734	2	4.242640687119285
82	734	735	2	4.242640687119285
83	735	736	2	4.242640687119285
84	736	737	2	4.242640687119285
85	737	738	2	3.0
86	738	739	2	3.0
87	739	740	2	3.0
88	740	741	2	3.0
89	741	742	2	4.242640687119285
1	743	744	2	4.242640687119285
