744
ND_ID	ND_FRMNO	ND_TYPE	ND_XC	ND_YC	ND_DSID	ND_USID	ND_US2ID	ND_CSID	ND_RSID	ND_STID
1	1	0	716549.897	4475522.33	2	-1	-1	1	-1	1
2	2	6	716552.897	4475522.33	3	1	-1	2	-1	1
3	3	6	716555.897	4475522.33	4	2	-1	3	-1	1
4	4	6	716558.897	4475522.33	5	3	-1	4	-1	1
5	5	6	716561.897	4475525.33	6	4	-1	5	-1	1
6	6	6	716564.897	4475525.33	7	5	-1	6	-1	1
7	7	6	716567.897	4475525.33	8	6	-1	7	-1	1
8	8	6	716570.897	4475528.33	9	7	-1	8	-1	1
9	9	6	716573.897	4475528.33	10	8	-1	9	-1	1
10	10	6	716576.897	4475528.33	11	9	-1	10	-1	1
11	11	6	716579.897	4475528.33	12	10	-1	11	-1	1
12	12	6	716582.897	4475531.33	13	11	-1	12	-1	1
13	13	6	716585.897	4475531.33	14	12	-1	13	-1	1
14	14	6	716588.897	4475531.33	15	13	-1	14	-1	1
15	15	6	716591.897	4475531.33	16	14	-1	15	-1	1
16	16	6	716594.897	4475531.33	17	15	-1	16	-1	1
17	17	6	716597.897	4475531.33	18	16	-1	17	-1	1
18	18	6	716600.897	4475531.33	19	17	-1	18	-1	1
19	19	6	716603.897	4475531.33	20	18	-1	19	-1	1
20	20	6	716606.897	4475531.33	21	19	-1	20	-1	1
21	21	6	716609.897	4475531.33	22	20	-1	21	-1	1
22	22	6	716612.897	4475534.33	23	21	-1	22	-1	1
23	23	6	716615.897	4475537.33	24	22	-1	23	-1	1
24	24	6	716618.897	4475537.33	25	23	-1	24	-1	1
25	25	6	716621.897	4475537.33	26	24	-1	25	-1	1
26	26	6	716624.897	4475537.33	27	25	-1	26	-1	1
27	27	6	716627.897	4475537.33	28	26	-1	27	-1	1
28	28	6	716630.897	4475537.33	29	27	-1	28	-1	1
29	29	6	716633.897	4475540.33	30	28	-1	29	-1	1
30	30	6	716636.897	4475540.33	31	29	-1	30	-1	1
31	31	6	716639.897	4475540.33	32	30	-1	31	-1	1
32	32	6	716642.897	4475540.33	33	31	-1	32	-1	1
33	33	6	716645.897	4475540.33	34	32	-1	33	-1	1
34	34	6	716648.897	4475540.33	35	33	-1	34	-1	1
35	35	6	716651.897	4475543.33	36	34	-1	35	-1	1
36	36	6	716654.897	4475546.33	37	35	-1	36	-1	1
37	37	6	716657.897	4475546.33	38	36	-1	37	-1	1
38	38	6	716660.897	4475546.33	39	37	-1	38	-1	1
39	39	6	716663.897	4475549.33	40	38	-1	39	-1	1
40	40	6	716666.897	4475549.33	41	39	-1	40	-1	1
41	41	6	716669.897	4475549.33	42	40	-1	41	-1	1
42	42	6	716672.897	4475552.33	43	41	-1	42	-1	1
43	43	6	716675.897	4475552.33	44	42	-1	43	-1	1
44	44	6	716678.897	4475552.33	45	43	-1	44	-1	1
45	45	6	716681.897	4475555.33	46	44	-1	45	-1	1
46	46	6	716684.897	4475555.33	47	45	-1	46	-1	1
47	47	6	716687.897	4475558.33	48	46	-1	47	-1	1
48	48	6	716690.897	4475561.33	49	47	-1	48	-1	1
49	49	6	716693.897	4475564.33	50	48	-1	49	-1	1
50	50	6	716696.897	4475567.33	51	49	-1	50	-1	1
51	51	6	716699.897	4475567.33	52	50	-1	51	-1	1
52	52	6	716702.897	4475567.33	53	51	-1	52	-1	1
53	53	6	716705.897	4475570.33	54	52	-1	53	-1	1
54	54	6	716708.897	4475570.33	55	53	-1	54	-1	1
55	55	6	716711.897	4475573.33	56	54	-1	55	-1	1
56	56	6	716714.897	4475573.33	57	55	-1	56	-1	1
57	57	6	716717.897	4475576.33	58	56	-1	57	-1	1
58	58	6	716720.897	4475576.33	59	57	-1	58	-1	1
59	59	6	716723.897	4475576.33	60	58	-1	59	-1	1
60	60	6	716726.897	4475576.33	61	59	-1	60	-1	1
61	61	6	716729.897	4475579.33	62	60	-1	61	-1	1
62	62	6	716732.897	4475582.33	63	61	-1	62	-1	1
63	63	6	716735.897	4475582.33	64	62	-1	63	-1	1
64	64	6	716738.897	4475582.33	65	63	-1	64	-1	1
65	65	6	716741.897	4475582.33	66	64	-1	65	-1	1
66	66	6	716744.897	4475585.33	67	65	-1	66	-1	1
67	67	6	716747.897	4475585.33	68	66	-1	67	-1	1
68	68	6	716750.897	4475585.33	69	67	-1	68	-1	1
69	69	6	716753.897	4475588.33	70	68	-1	69	-1	1
70	70	6	716756.897	4475588.33	71	69	-1	70	-1	1
71	71	6	716759.897	4475588.33	72	70	-1	71	-1	1
72	72	6	716762.897	4475588.33	73	71	-1	72	-1	1
73	73	6	716765.897	4475591.33	74	72	-1	73	-1	1
74	74	6	716768.897	4475591.33	75	73	-1	74	-1	1
75	75	6	716771.897	4475591.33	76	74	-1	75	-1	1
76	76	6	716774.897	4475594.33	77	75	-1	76	-1	1
77	77	6	716777.897	4475594.33	78	76	-1	77	-1	1
78	78	6	716780.897	4475594.33	79	77	-1	78	-1	1
79	79	6	716783.897	4475594.33	80	78	-1	79	-1	1
80	80	6	716786.897	4475594.33	81	79	-1	80	-1	1
81	81	6	716789.897	4475597.33	82	80	-1	81	-1	1
82	82	6	716792.897	4475597.33	83	81	-1	82	-1	1
83	83	6	716795.897	4475597.33	84	82	-1	83	-1	1
84	84	6	716798.897	4475597.33	85	83	-1	84	-1	1
85	85	6	716801.897	4475597.33	86	84	-1	85	-1	1
86	86	6	716804.897	4475597.33	87	85	-1	86	-1	1
87	87	6	716807.897	4475597.33	88	86	-1	87	-1	1
88	88	6	716810.897	4475597.33	89	87	-1	88	-1	1
89	89	6	716813.897	4475597.33	90	88	-1	89	-1	1
90	90	6	716816.897	4475600.33	91	89	-1	90	-1	1
91	91	6	716819.897	4475600.33	92	90	-1	91	-1	1
92	92	6	716822.897	4475600.33	93	91	-1	92	-1	1
93	93	6	716825.897	4475603.33	94	92	-1	93	-1	1
94	94	6	716828.897	4475603.33	95	93	-1	94	-1	1
95	95	6	716831.897	4475603.33	96	94	-1	95	-1	1
96	96	6	716834.897	4475603.33	97	95	-1	96	-1	1
97	97	6	716837.897	4475606.33	98	96	-1	97	-1	1
98	98	6	716840.897	4475609.33	99	97	-1	98	-1	1
99	99	6	716843.897	4475612.33	100	98	-1	99	-1	1
100	100	6	716846.897	4475615.33	101	99	-1	100	-1	1
101	101	6	716849.897	4475618.33	102	100	-1	101	-1	1
102	102	6	716852.897	4475621.33	103	101	-1	102	-1	1
103	103	6	716855.897	4475624.33	104	102	-1	103	-1	1
104	104	6	716858.897	4475627.33	105	103	-1	104	-1	1
105	105	6	716861.897	4475630.33	106	104	-1	105	-1	1
106	106	6	716864.897	4475633.33	107	105	-1	106	-1	1
107	107	6	716867.897	4475636.33	108	106	-1	107	-1	1
108	108	6	716870.897	4475636.33	109	107	-1	108	-1	1
109	109	6	716873.897	4475636.33	110	108	-1	109	-1	1
110	110	6	716876.897	4475639.33	111	109	-1	110	-1	1
111	111	6	716879.897	4475639.33	112	110	-1	111	-1	1
112	112	6	716882.897	4475642.33	113	111	-1	112	-1	1
113	113	6	716885.897	4475645.33	114	112	-1	113	-1	1
114	114	6	716888.897	4475645.33	115	113	-1	114	-1	1
115	115	6	716891.897	4475645.33	116	114	-1	115	-1	1
116	116	6	716894.897	4475645.33	117	115	-1	116	-1	1
117	117	6	716897.897	4475645.33	118	116	-1	117	-1	1
118	118	6	716900.897	4475645.33	119	117	-1	118	-1	1
119	119	6	716903.897	4475645.33	120	118	-1	119	-1	1
120	120	6	716906.897	4475645.33	121	119	-1	120	-1	1
121	121	6	716909.897	4475645.33	122	120	-1	121	-1	1
122	122	6	716912.897	4475645.33	123	121	-1	122	-1	1
123	123	6	716915.897	4475645.33	124	122	-1	123	-1	1
124	124	6	716918.897	4475645.33	125	123	-1	124	-1	1
125	125	6	716921.897	4475645.33	126	124	-1	125	-1	1
126	126	6	716924.897	4475648.33	127	125	-1	126	-1	1
127	127	6	716927.897	4475651.33	128	126	-1	127	-1	1
128	128	6	716930.897	4475651.33	129	127	-1	128	-1	1
129	129	6	716933.897	4475651.33	130	128	-1	129	-1	1
130	130	6	716936.897	4475651.33	131	129	-1	130	-1	1
131	131	6	716939.897	4475651.33	132	130	-1	131	-1	1
132	132	6	716942.897	4475651.33	133	131	-1	132	-1	1
133	133	6	716945.897	4475651.33	134	132	-1	133	-1	1
134	134	6	716948.897	4475651.33	135	133	-1	134	-1	1
135	135	6	716951.897	4475651.33	136	134	-1	135	-1	1
136	136	6	716954.897	4475651.33	137	135	-1	136	-1	1
137	137	6	716957.897	4475654.33	138	136	-1	137	-1	1
138	138	6	716960.897	4475657.33	139	137	-1	138	-1	1
139	139	6	716963.897	4475660.33	140	138	-1	139	-1	1
140	140	6	716963.897	4475663.33	141	139	-1	140	-1	1
141	141	6	716966.897	4475666.33	142	140	-1	141	-1	1
142	142	6	716969.897	4475666.33	143	141	-1	142	-1	1
143	143	6	716972.897	4475669.33	144	142	-1	143	-1	1
144	144	6	716975.897	4475669.33	145	143	-1	144	-1	1
145	145	6	716978.897	4475672.33	146	144	-1	145	-1	1
146	146	6	716981.897	4475672.33	147	145	-1	146	-1	1
147	147	6	716984.897	4475672.33	148	146	-1	147	-1	1
148	148	6	716987.897	4475672.33	149	147	-1	148	-1	1
149	149	6	716990.897	4475675.33	150	148	-1	149	-1	1
150	150	6	716993.897	4475678.33	151	149	-1	150	-1	1
151	151	6	716996.897	4475681.33	152	150	-1	151	-1	1
152	152	6	716999.897	4475684.33	153	151	-1	152	-1	1
153	153	6	717002.897	4475684.33	154	152	-1	153	-1	1
154	154	6	717005.897	4475684.33	155	153	-1	154	-1	1
155	155	6	717008.897	4475687.33	156	154	-1	155	-1	1
156	156	6	717008.897	4475690.33	157	155	-1	156	-1	1
157	157	6	717008.897	4475693.33	158	156	-1	157	-1	1
158	158	6	717008.897	4475696.33	159	157	-1	158	-1	1
159	159	6	717008.897	4475699.33	160	158	-1	159	-1	1
160	160	6	717008.897	4475702.33	161	159	-1	160	-1	1
161	161	6	717005.897	4475705.33	162	160	-1	161	-1	1
162	162	6	717005.897	4475708.33	163	161	-1	162	-1	1
163	163	6	717005.897	4475711.33	164	162	-1	163	-1	1
164	164	6	717005.897	4475714.33	165	163	-1	164	-1	1
165	165	6	717005.897	4475717.33	166	164	-1	165	-1	1
166	166	6	717005.897	4475720.33	167	165	-1	166	-1	1
167	167	6	717005.897	4475723.33	168	166	-1	167	-1	1
168	168	6	717005.897	4475726.33	169	167	-1	168	-1	1
169	169	6	717005.897	4475729.33	170	168	-1	169	-1	1
170	170	6	717005.897	4475732.33	171	169	-1	170	-1	1
171	171	6	717005.897	4475735.33	172	170	-1	171	-1	1
172	172	6	717005.897	4475738.33	173	171	-1	172	-1	1
173	173	6	717002.897	4475741.33	174	172	-1	173	-1	1
174	174	6	717002.897	4475744.33	175	173	-1	174	-1	1
175	175	6	717002.897	4475747.33	176	174	-1	175	-1	1
176	176	6	717002.897	4475750.33	177	175	-1	176	-1	1
177	177	6	717005.897	4475753.33	178	176	-1	177	-1	1
178	178	6	717008.897	4475756.33	179	177	-1	178	-1	1
179	179	6	717008.897	4475759.33	180	178	-1	179	-1	1
180	180	6	717011.897	4475762.33	181	179	-1	180	-1	1
181	181	6	717014.897	4475762.33	182	180	-1	181	-1	1
182	182	6	717017.897	4475765.33	183	181	-1	182	-1	1
183	183	6	717020.897	4475768.33	184	182	-1	183	-1	1
184	184	6	717023.897	4475771.33	185	183	-1	184	-1	1
185	185	6	717023.897	4475774.33	186	184	-1	185	-1	1
186	186	6	717023.897	4475777.33	187	185	-1	186	-1	1
187	187	6	717023.897	4475780.33	188	186	-1	187	-1	1
188	188	6	717023.897	4475783.33	189	187	-1	188	-1	1
189	189	6	717023.897	4475786.33	190	188	-1	189	-1	1
190	190	6	717023.897	4475789.33	191	189	-1	190	-1	1
191	191	6	717023.897	4475792.33	192	190	-1	191	-1	1
192	192	6	717023.897	4475795.33	193	191	-1	192	-1	1
193	193	6	717023.897	4475798.33	194	192	-1	193	-1	1
194	194	6	717026.897	4475798.33	195	193	-1	194	-1	1
195	195	6	717029.897	4475798.33	196	194	-1	195	-1	1
196	196	6	717032.897	4475798.33	197	195	-1	196	-1	1
197	197	6	717035.897	4475801.33	198	196	-1	197	-1	1
198	198	6	717038.897	4475801.33	199	197	-1	198	-1	1
199	199	6	717041.897	4475801.33	200	198	-1	199	-1	1
200	200	6	717044.897	4475801.33	201	199	-1	200	-1	1
201	201	6	717047.897	4475801.33	202	200	-1	201	-1	1
202	202	6	717050.897	4475804.33	203	201	-1	202	-1	1
203	203	6	717053.897	4475804.33	204	202	-1	203	-1	1
204	204	6	717056.897	4475807.33	205	203	-1	204	-1	1
205	205	6	717059.897	4475810.33	206	204	-1	205	-1	1
206	206	6	717062.897	4475813.33	207	205	-1	206	-1	1
207	207	6	717065.897	4475816.33	208	206	-1	207	-1	1
208	208	6	717068.897	4475819.33	209	207	-1	208	-1	1
209	209	6	717071.897	4475822.33	210	208	-1	209	-1	1
210	210	6	717074.897	4475825.33	211	209	-1	210	-1	1
211	211	6	717074.897	4475828.33	212	210	-1	211	-1	1
212	212	6	717077.897	4475831.33	213	211	-1	212	-1	1
213	213	6	717080.897	4475834.33	214	212	-1	213	-1	1
214	214	6	717083.897	4475837.33	215	213	-1	214	-1	1
215	215	6	717086.897	4475840.33	216	214	-1	215	-1	1
216	216	6	717086.897	4475843.33	217	215	-1	216	-1	1
217	217	6	717086.897	4475846.33	218	216	-1	217	-1	1
218	218	6	717086.897	4475849.33	219	217	-1	218	-1	1
219	219	6	717089.897	4475852.33	220	218	-1	219	-1	1
220	220	6	717092.897	4475852.33	221	219	-1	220	-1	1
221	221	6	717095.897	4475855.33	222	220	-1	221	-1	1
222	222	6	717098.897	4475858.33	223	221	-1	222	-1	1
223	223	6	717098.897	4475861.33	224	222	-1	223	-1	1
224	224	6	717101.897	4475864.33	225	223	-1	224	-1	1
225	225	6	717104.897	4475867.33	226	224	-1	225	-1	1
226	226	6	717107.897	4475870.33	227	225	-1	226	-1	1
227	227	6	717110.897	4475873.33	228	226	-1	227	-1	1
228	228	6	717113.897	4475876.33	229	227	-1	228	-1	1
229	229	6	717116.897	4475879.33	230	228	-1	229	-1	1
230	230	6	717119.897	4475882.33	231	229	-1	230	-1	1
231	231	6	717122.897	4475885.33	232	230	-1	231	-1	1
232	232	6	717125.897	4475888.33	233	231	-1	232	-1	1
233	233	6	717128.897	4475891.33	234	232	-1	233	-1	1
234	234	6	717131.897	4475894.33	235	233	-1	234	-1	1
235	235	6	717134.897	4475897.33	236	234	-1	235	-1	1
236	236	6	717137.897	4475900.33	237	235	-1	236	-1	1
237	237	6	717140.897	4475903.33	238	236	-1	237	-1	1
238	238	6	717140.897	4475906.33	239	237	-1	238	-1	1
239	239	6	717143.897	4475909.33	240	238	-1	239	-1	1
240	240	6	717146.897	4475912.33	241	239	-1	240	-1	1
241	241	6	717149.897	4475915.33	242	240	-1	241	-1	1
242	242	6	717152.897	4475918.33	243	241	-1	242	-1	1
243	243	6	717152.897	4475921.33	244	242	-1	243	-1	1
244	244	6	717152.897	4475924.33	245	243	-1	244	-1	1
245	245	6	717152.897	4475927.33	246	244	-1	245	-1	1
246	246	6	717152.897	4475930.33	247	245	-1	246	-1	1
247	247	6	717149.897	4475933.33	248	246	-1	247	-1	1
248	248	6	717149.897	4475936.33	249	247	-1	248	-1	1
249	249	6	717149.897	4475939.33	250	248	-1	249	-1	1
250	250	6	717149.897	4475942.33	251	249	-1	250	-1	1
251	251	6	717149.897	4475945.33	252	250	-1	251	-1	1
252	252	6	717149.897	4475948.33	253	251	-1	252	-1	1
253	253	6	717149.897	4475951.33	254	252	-1	253	-1	1
254	254	6	717149.897	4475954.33	255	253	-1	254	-1	1
255	255	6	717149.897	4475957.33	256	254	-1	255	-1	1
256	256	6	717149.897	4475960.33	257	255	-1	256	-1	1
257	257	6	717149.897	4475963.33	258	256	-1	257	-1	1
258	258	6	717152.897	4475966.33	259	257	-1	258	-1	1
259	259	6	717152.897	4475969.33	260	258	-1	259	-1	1
260	260	6	717152.897	4475972.33	261	259	-1	260	-1	1
261	261	6	717155.897	4475975.33	262	260	-1	261	-1	1
262	262	6	717158.897	4475978.33	263	261	-1	262	-1	1
263	263	6	717161.897	4475981.33	264	262	-1	263	-1	1
264	264	6	717164.897	4475984.33	265	263	-1	264	-1	1
265	265	6	717167.897	4475987.33	266	264	-1	265	-1	1
266	266	6	717167.897	4475990.33	267	265	-1	266	-1	1
267	267	6	717167.897	4475993.33	268	266	-1	267	-1	1
268	268	6	717167.897	4475996.33	269	267	-1	268	-1	1
269	269	6	717167.897	4475999.33	270	268	-1	269	-1	1
270	270	6	717167.897	4476002.33	271	269	-1	270	-1	1
271	271	3	717167.897	4476005.33	743	270	-1	271	-1	1
272	272	0	717245.897	4475513.33	273	-1	-1	272	-1	1
273	273	6	717248.897	4475516.33	274	272	-1	273	-1	1
274	274	6	717248.897	4475519.33	275	273	-1	274	-1	1
275	275	6	717251.897	4475522.33	276	274	-1	275	-1	1
276	276	6	717254.897	4475525.33	277	275	-1	276	-1	1
277	277	6	717257.897	4475528.33	278	276	-1	277	-1	1
278	278	6	717260.897	4475531.33	279	277	-1	278	-1	1
279	279	6	717263.897	4475534.33	280	278	-1	279	-1	1
280	280	6	717263.897	4475537.33	281	279	-1	280	-1	1
281	281	6	717266.897	4475540.33	282	280	-1	281	-1	1
282	282	6	717269.897	4475540.33	283	281	-1	282	-1	1
283	283	6	717272.897	4475543.33	284	282	-1	283	-1	1
284	284	6	717275.897	4475546.33	285	283	-1	284	-1	1
285	285	6	717278.897	4475549.33	286	284	-1	285	-1	1
286	286	6	717281.897	4475552.33	287	285	-1	286	-1	1
287	287	6	717284.897	4475555.33	288	286	-1	287	-1	1
288	288	6	717287.897	4475558.33	289	287	-1	288	-1	1
289	289	6	717290.897	4475561.33	290	288	-1	289	-1	1
290	290	6	717293.897	4475564.33	291	289	-1	290	-1	1
291	291	6	717296.897	4475567.33	292	290	-1	291	-1	1
292	292	6	717299.897	4475570.33	293	291	-1	292	-1	1
293	293	6	717302.897	4475573.33	294	292	-1	293	-1	1
294	294	6	717305.897	4475576.33	295	293	-1	294	-1	1
295	295	6	717308.897	4475579.33	296	294	-1	295	-1	1
296	296	6	717308.897	4475582.33	297	295	-1	296	-1	1
297	297	6	717308.897	4475585.33	298	296	-1	297	-1	1
298	298	6	717308.897	4475588.33	299	297	-1	298	-1	1
299	299	6	717308.897	4475591.33	300	298	-1	299	-1	1
300	300	6	717308.897	4475594.33	301	299	-1	300	-1	1
301	301	6	717308.897	4475597.33	302	300	-1	301	-1	1
302	302	6	717308.897	4475600.33	303	301	-1	302	-1	1
303	303	6	717305.897	4475603.33	304	302	-1	303	-1	1
304	304	6	717302.897	4475606.33	305	303	-1	304	-1	1
305	305	6	717302.897	4475609.33	306	304	-1	305	-1	1
306	306	3	717302.897	4475612.33	489	305	-1	306	-1	1
307	307	0	717797.897	4475441.33	308	-1	-1	307	-1	1
308	308	6	717797.897	4475438.33	309	307	-1	308	-1	1
309	309	6	717797.897	4475435.33	310	308	-1	309	-1	1
310	310	6	717797.897	4475432.33	311	309	-1	310	-1	1
311	311	6	717797.897	4475429.33	312	310	-1	311	-1	1
312	312	6	717794.897	4475426.33	313	311	-1	312	-1	1
313	313	6	717791.897	4475423.33	314	312	-1	313	-1	1
314	314	6	717788.897	4475420.33	315	313	-1	314	-1	1
315	315	6	717785.897	4475417.33	316	314	-1	315	-1	1
316	316	6	717782.897	4475414.33	317	315	-1	316	-1	1
317	317	6	717779.897	4475411.33	318	316	-1	317	-1	1
318	318	6	717776.897	4475408.33	319	317	-1	318	-1	1
319	319	6	717773.897	4475405.33	320	318	-1	319	-1	1
320	320	6	717770.897	4475402.33	321	319	-1	320	-1	1
321	321	6	717767.897	4475399.33	322	320	-1	321	-1	1
322	322	6	717764.897	4475396.33	323	321	-1	322	-1	1
323	323	6	717761.897	4475393.33	324	322	-1	323	-1	1
324	324	6	717758.897	4475390.33	325	323	-1	324	-1	1
325	325	6	717755.897	4475387.33	326	324	-1	325	-1	1
326	326	6	717752.897	4475384.33	327	325	-1	326	-1	1
327	327	6	717749.897	4475384.33	328	326	-1	327	-1	1
328	328	6	717746.897	4475384.33	329	327	-1	328	-1	1
329	329	6	717743.897	4475384.33	330	328	-1	329	-1	1
330	330	6	717740.897	4475384.33	331	329	-1	330	-1	1
331	331	6	717737.897	4475387.33	332	330	-1	331	-1	1
332	332	6	717734.897	4475390.33	333	331	-1	332	-1	1
333	333	6	717731.897	4475393.33	334	332	-1	333	-1	1
334	334	6	717728.897	4475396.33	335	333	-1	334	-1	1
335	335	6	717725.897	4475399.33	336	334	-1	335	-1	1
336	336	6	717722.897	4475399.33	337	335	-1	336	-1	1
337	337	6	717719.897	4475402.33	338	336	-1	337	-1	1
338	338	6	717716.897	4475405.33	339	337	-1	338	-1	1
339	339	6	717713.897	4475405.33	340	338	-1	339	-1	1
340	340	6	717710.897	4475408.33	341	339	-1	340	-1	1
341	341	6	717707.897	4475411.33	342	340	-1	341	-1	1
342	342	6	717707.897	4475414.33	343	341	-1	342	-1	1
343	343	6	717707.897	4475417.33	344	342	-1	343	-1	1
344	344	6	717704.897	4475420.33	345	343	-1	344	-1	1
345	345	6	717704.897	4475423.33	346	344	-1	345	-1	1
346	346	6	717704.897	4475426.33	347	345	-1	346	-1	1
347	347	6	717704.897	4475429.33	348	346	-1	347	-1	1
348	348	6	717704.897	4475432.33	349	347	-1	348	-1	1
349	349	6	717704.897	4475435.33	350	348	-1	349	-1	1
350	350	6	717701.897	4475438.33	351	349	-1	350	-1	1
351	351	6	717701.897	4475441.33	352	350	-1	351	-1	1
352	352	6	717701.897	4475444.33	353	351	-1	352	-1	1
353	353	6	717698.897	4475447.33	354	352	-1	353	-1	1
354	354	6	717695.897	4475450.33	355	353	-1	354	-1	1
355	355	6	717692.897	4475453.33	356	354	-1	355	-1	1
356	356	6	717689.897	4475456.33	357	355	-1	356	-1	1
357	357	6	717686.897	4475459.33	358	356	-1	357	-1	1
358	358	6	717683.897	4475462.33	359	357	-1	358	-1	1
359	359	6	717680.897	4475465.33	360	358	-1	359	-1	1
360	360	6	717677.897	4475468.33	361	359	-1	360	-1	1
361	361	6	717674.897	4475471.33	362	360	-1	361	-1	1
362	362	6	717671.897	4475474.33	363	361	-1	362	-1	1
363	363	6	717668.897	4475474.33	364	362	-1	363	-1	1
364	364	6	717665.897	4475471.33	365	363	-1	364	-1	1
365	365	6	717662.897	4475471.33	366	364	-1	365	-1	1
366	366	6	717659.897	4475468.33	367	365	-1	366	-1	1
367	367	6	717656.897	4475465.33	368	366	-1	367	-1	1
368	368	6	717653.897	4475465.33	369	367	-1	368	-1	1
369	369	6	717650.897	4475462.33	370	368	-1	369	-1	1
370	370	6	717647.897	4475459.33	371	369	-1	370	-1	1
371	371	6	717644.897	4475456.33	372	370	-1	371	-1	1
372	372	6	717641.897	4475453.33	373	371	-1	372	-1	1
373	373	6	717638.897	4475450.33	374	372	-1	373	-1	1
374	374	6	717635.897	4475450.33	375	373	-1	374	-1	1
375	375	6	717632.897	4475447.33	376	374	-1	375	-1	1
376	376	6	717629.897	4475444.33	377	375	-1	376	-1	1
377	377	6	717626.897	4475441.33	378	376	-1	377	-1	1
378	378	6	717623.897	4475441.33	379	377	-1	378	-1	1
379	379	6	717620.897	4475441.33	380	378	-1	379	-1	1
380	380	6	717617.897	4475438.33	381	379	-1	380	-1	1
381	381	6	717614.897	4475435.33	382	380	-1	381	-1	1
382	382	6	717611.897	4475435.33	383	381	-1	382	-1	1
383	383	6	717608.897	4475435.33	384	382	-1	383	-1	1
384	384	6	717605.897	4475432.33	385	383	-1	384	-1	1
385	385	6	717602.897	4475429.33	386	384	-1	385	-1	1
386	386	6	717599.897	4475429.33	387	385	-1	386	-1	1
387	387	6	717596.897	4475429.33	388	386	-1	387	-1	1
388	388	6	717593.897	4475426.33	389	387	-1	388	-1	1
389	389	6	717590.897	4475423.33	390	388	-1	389	-1	1
390	390	6	717587.897	4475423.33	391	389	-1	390	-1	1
391	391	6	717584.897	4475420.33	392	390	-1	391	-1	1
392	392	6	717581.897	4475420.33	393	391	-1	392	-1	1
393	393	6	717578.897	4475420.33	394	392	-1	393	-1	1
394	394	6	717575.897	4475420.33	395	393	-1	394	-1	1
395	395	6	717572.897	4475420.33	396	394	-1	395	-1	1
396	396	6	717569.897	4475420.33	397	395	-1	396	-1	1
397	397	6	717566.897	4475420.33	398	396	-1	397	-1	1
398	398	6	717563.897	4475420.33	399	397	-1	398	-1	1
399	399	6	717560.897	4475420.33	400	398	-1	399	-1	1
400	400	6	717557.897	4475420.33	401	399	-1	400	-1	1
401	401	6	717554.897	4475420.33	402	400	-1	401	-1	1
402	402	6	717551.897	4475420.33	403	401	-1	402	-1	1
403	403	6	717548.897	4475420.33	404	402	-1	403	-1	1
404	404	6	717545.897	4475420.33	405	403	-1	404	-1	1
405	405	6	717542.897	4475420.33	406	404	-1	405	-1	1
406	406	6	717539.897	4475423.33	407	405	-1	406	-1	1
407	407	6	717536.897	4475423.33	408	406	-1	407	-1	1
408	408	6	717533.897	4475423.33	409	407	-1	408	-1	1
409	409	6	717530.897	4475423.33	410	408	-1	409	-1	1
410	410	6	717527.897	4475426.33	411	409	-1	410	-1	1
411	411	6	717524.897	4475426.33	412	410	-1	411	-1	1
412	412	6	717521.897	4475426.33	413	411	-1	412	-1	1
413	413	6	717518.897	4475426.33	414	412	-1	413	-1	1
414	414	6	717515.897	4475426.33	415	413	-1	414	-1	1
415	415	6	717512.897	4475429.33	416	414	-1	415	-1	1
416	416	6	717509.897	4475429.33	417	415	-1	416	-1	1
417	417	6	717506.897	4475429.33	418	416	-1	417	-1	1
418	418	6	717503.897	4475429.33	419	417	-1	418	-1	1
419	419	6	717500.897	4475432.33	420	418	-1	419	-1	1
420	420	6	717497.897	4475435.33	421	419	-1	420	-1	1
421	421	6	717494.897	4475438.33	422	420	-1	421	-1	1
422	422	6	717491.897	4475441.33	423	421	-1	422	-1	1
423	423	6	717488.897	4475444.33	424	422	-1	423	-1	1
424	424	6	717485.897	4475447.33	425	423	-1	424	-1	1
425	425	6	717482.897	4475450.33	426	424	-1	425	-1	1
426	426	6	717479.897	4475453.33	427	425	-1	426	-1	1
427	427	6	717476.897	4475456.33	428	426	-1	427	-1	1
428	428	6	717473.897	4475459.33	429	427	-1	428	-1	1
429	429	6	717470.897	4475462.33	430	428	-1	429	-1	1
430	430	6	717467.897	4475465.33	431	429	-1	430	-1	1
431	431	6	717464.897	4475468.33	432	430	-1	431	-1	1
432	432	6	717461.897	4475471.33	433	431	-1	432	-1	1
433	433	6	717458.897	4475474.33	434	432	-1	433	-1	1
434	434	6	717455.897	4475477.33	435	433	-1	434	-1	1
435	435	6	717452.897	4475480.33	436	434	-1	435	-1	1
436	436	6	717449.897	4475483.33	437	435	-1	436	-1	1
437	437	6	717446.897	4475486.33	438	436	-1	437	-1	1
438	438	6	717443.897	4475489.33	439	437	-1	438	-1	1
439	439	6	717440.897	4475492.33	440	438	-1	439	-1	1
440	440	6	717437.897	4475495.33	441	439	-1	440	-1	1
441	441	6	717434.897	4475498.33	442	440	-1	441	-1	1
442	442	6	717431.897	4475501.33	443	441	-1	442	-1	1
443	443	6	717428.897	4475501.33	444	442	-1	443	-1	1
444	444	6	717425.897	4475504.33	445	443	-1	444	-1	1
445	445	6	717422.897	4475504.33	446	444	-1	445	-1	1
446	446	6	717419.897	4475507.33	447	445	-1	446	-1	1
447	447	6	717416.897	4475507.33	448	446	-1	447	-1	1
448	448	6	717413.897	4475507.33	449	447	-1	448	-1	1
449	449	6	717410.897	4475507.33	450	448	-1	449	-1	1
450	450	6	717407.897	4475510.33	451	449	-1	450	-1	1
451	451	6	717404.897	4475513.33	452	450	-1	451	-1	1
452	452	6	717401.897	4475516.33	453	451	-1	452	-1	1
453	453	6	717398.897	4475519.33	454	452	-1	453	-1	1
454	454	6	717395.897	4475522.33	455	453	-1	454	-1	1
455	455	6	717392.897	4475525.33	456	454	-1	455	-1	1
456	456	6	717389.897	4475528.33	457	455	-1	456	-1	1
457	457	6	717386.897	4475531.33	458	456	-1	457	-1	1
458	458	6	717383.897	4475534.33	459	457	-1	458	-1	1
459	459	6	717380.897	4475537.33	460	458	-1	459	-1	1
460	460	6	717377.897	4475540.33	461	459	-1	460	-1	1
461	461	6	717374.897	4475543.33	462	460	-1	461	-1	1
462	462	6	717371.897	4475546.33	463	461	-1	462	-1	1
463	463	6	717368.897	4475549.33	464	462	-1	463	-1	1
464	464	6	717365.897	4475552.33	465	463	-1	464	-1	1
465	465	6	717362.897	4475555.33	466	464	-1	465	-1	1
466	466	6	717359.897	4475555.33	467	465	-1	466	-1	1
467	467	6	717356.897	4475558.33	468	466	-1	467	-1	1
468	468	6	717353.897	4475558.33	469	467	-1	468	-1	1
469	469	6	717350.897	4475561.33	470	468	-1	469	-1	1
470	470	6	717347.897	4475564.33	471	469	-1	470	-1	1
471	471	6	717347.897	4475567.33	472	470	-1	471	-1	1
472	472	6	717344.897	4475570.33	473	471	-1	472	-1	1
473	473	6	717341.897	4475573.33	474	472	-1	473	-1	1
474	474	6	717338.897	4475576.33	475	473	-1	474	-1	1
475	475	6	717335.897	4475579.33	476	474	-1	475	-1	1
476	476	6	717332.897	4475579.33	477	475	-1	476	-1	1
477	477	6	717329.897	4475582.33	478	476	-1	477	-1	1
478	478	6	717326.897	4475585.33	479	477	-1	478	-1	1
479	479	6	717326.897	4475588.33	480	478	-1	479	-1	1
480	480	6	717323.897	4475591.33	481	479	-1	480	-1	1
481	481	6	717320.897	4475591.33	482	480	-1	481	-1	1
482	482	6	717317.897	4475594.33	483	481	-1	482	-1	1
483	483	6	717314.897	4475597.33	484	482	-1	483	-1	1
484	484	6	717311.897	4475600.33	485	483	-1	484	-1	1
485	485	6	717311.897	4475603.33	486	484	-1	485	-1	1
486	486	6	717308.897	4475606.33	487	485	-1	486	-1	1
487	487	6	717305.897	4475609.33	488	486	-1	487	-1	1
488	488	3	717302.897	4475612.33	489	487	-1	306	-1	1
489	489	2	717302.897	4475612.33	490	488	306	306	-1	1
490	490	6	717302.897	4475615.33	491	489	-1	490	-1	1
491	491	6	717299.897	4475618.33	492	490	-1	491	-1	1
492	492	6	717299.897	4475621.33	493	491	-1	492	-1	1
493	493	6	717299.897	4475624.33	494	492	-1	493	-1	1
494	494	6	717296.897	4475627.33	495	493	-1	494	-1	1
495	495	6	717296.897	4475630.33	496	494	-1	495	-1	1
496	496	6	717296.897	4475633.33	497	495	-1	496	-1	1
497	497	6	717296.897	4475636.33	498	496	-1	497	-1	1
498	498	6	717296.897	4475639.33	499	497	-1	498	-1	1
499	499	6	717296.897	4475642.33	500	498	-1	499	-1	1
500	500	6	717293.897	4475645.33	501	499	-1	500	-1	1
501	501	6	717293.897	4475648.33	502	500	-1	501	-1	1
502	502	6	717293.897	4475651.33	503	501	-1	502	-1	1
503	503	6	717293.897	4475654.33	504	502	-1	503	-1	1
504	504	6	717293.897	4475657.33	505	503	-1	504	-1	1
505	505	6	717293.897	4475660.33	506	504	-1	505	-1	1
506	506	6	717293.897	4475663.33	507	505	-1	506	-1	1
507	507	6	717293.897	4475666.33	508	506	-1	507	-1	1
508	508	6	717293.897	4475669.33	509	507	-1	508	-1	1
509	509	6	717293.897	4475672.33	510	508	-1	509	-1	1
510	510	6	717293.897	4475675.33	511	509	-1	510	-1	1
511	511	6	717293.897	4475678.33	512	510	-1	511	-1	1
512	512	6	717293.897	4475681.33	513	511	-1	512	-1	1
513	513	6	717293.897	4475684.33	514	512	-1	513	-1	1
514	514	6	717293.897	4475687.33	515	513	-1	514	-1	1
515	515	6	717293.897	4475690.33	516	514	-1	515	-1	1
516	516	6	717293.897	4475693.33	517	515	-1	516	-1	1
517	517	6	717293.897	4475696.33	518	516	-1	517	-1	1
518	518	6	717296.897	4475699.33	519	517	-1	518	-1	1
519	519	6	717299.897	4475702.33	520	518	-1	519	-1	1
520	520	6	717299.897	4475705.33	521	519	-1	520	-1	1
521	521	6	717299.897	4475708.33	522	520	-1	521	-1	1
522	522	6	717299.897	4475711.33	523	521	-1	522	-1	1
523	523	6	717299.897	4475714.33	524	522	-1	523	-1	1
524	524	6	717299.897	4475717.33	525	523	-1	524	-1	1
525	525	6	717299.897	4475720.33	526	524	-1	525	-1	1
526	526	6	717299.897	4475723.33	527	525	-1	526	-1	1
527	527	6	717302.897	4475726.33	528	526	-1	527	-1	1
528	528	6	717305.897	4475729.33	529	527	-1	528	-1	1
529	529	6	717305.897	4475732.33	530	528	-1	529	-1	1
530	530	6	717308.897	4475735.33	531	529	-1	530	-1	1
531	531	6	717311.897	4475738.33	532	530	-1	531	-1	1
532	532	6	717314.897	4475741.33	533	531	-1	532	-1	1
533	533	6	717314.897	4475744.33	534	532	-1	533	-1	1
534	534	6	717314.897	4475747.33	535	533	-1	534	-1	1
535	535	6	717314.897	4475750.33	536	534	-1	535	-1	1
536	536	6	717314.897	4475753.33	537	535	-1	536	-1	1
537	537	6	717317.897	4475756.33	538	536	-1	537	-1	1
538	538	6	717317.897	4475759.33	539	537	-1	538	-1	1
539	539	6	717317.897	4475762.33	540	538	-1	539	-1	1
540	540	6	717320.897	4475765.33	541	539	-1	540	-1	1
541	541	6	717320.897	4475768.33	542	540	-1	541	-1	1
542	542	6	717320.897	4475771.33	543	541	-1	542	-1	1
543	543	6	717320.897	4475774.33	544	542	-1	543	-1	1
544	544	6	717320.897	4475777.33	545	543	-1	544	-1	1
545	545	6	717320.897	4475780.33	546	544	-1	545	-1	1
546	546	6	717317.897	4475783.33	547	545	-1	546	-1	1
547	547	6	717317.897	4475786.33	548	546	-1	547	-1	1
548	548	6	717317.897	4475789.33	549	547	-1	548	-1	1
549	549	3	717317.897	4475792.33	653	548	-1	549	-1	1
550	550	0	717623.897	4475855.33	551	-1	-1	550	-1	1
551	551	6	717620.897	4475852.33	552	550	-1	551	-1	1
552	552	6	717617.897	4475849.33	553	551	-1	552	-1	1
553	553	6	717614.897	4475846.33	554	552	-1	553	-1	1
554	554	6	717611.897	4475843.33	555	553	-1	554	-1	1
555	555	6	717608.897	4475843.33	556	554	-1	555	-1	1
556	556	6	717605.897	4475840.33	557	555	-1	556	-1	1
557	557	6	717602.897	4475840.33	558	556	-1	557	-1	1
558	558	6	717599.897	4475837.33	559	557	-1	558	-1	1
559	559	6	717596.897	4475834.33	560	558	-1	559	-1	1
560	560	6	717593.897	4475831.33	561	559	-1	560	-1	1
561	561	6	717590.897	4475828.33	562	560	-1	561	-1	1
562	562	6	717587.897	4475825.33	563	561	-1	562	-1	1
563	563	6	717584.897	4475822.33	564	562	-1	563	-1	1
564	564	6	717581.897	4475819.33	565	563	-1	564	-1	1
565	565	6	717578.897	4475816.33	566	564	-1	565	-1	1
566	566	6	717575.897	4475813.33	567	565	-1	566	-1	1
567	567	6	717572.897	4475810.33	568	566	-1	567	-1	1
568	568	6	717569.897	4475807.33	569	567	-1	568	-1	1
569	569	6	717566.897	4475804.33	570	568	-1	569	-1	1
570	570	6	717563.897	4475801.33	571	569	-1	570	-1	1
571	571	6	717560.897	4475801.33	572	570	-1	571	-1	1
572	572	6	717557.897	4475801.33	573	571	-1	572	-1	1
573	573	6	717554.897	4475801.33	574	572	-1	573	-1	1
574	574	6	717551.897	4475801.33	575	573	-1	574	-1	1
575	575	6	717548.897	4475801.33	576	574	-1	575	-1	1
576	576	6	717545.897	4475801.33	577	575	-1	576	-1	1
577	577	6	717542.897	4475801.33	578	576	-1	577	-1	1
578	578	6	717539.897	4475801.33	579	577	-1	578	-1	1
579	579	6	717536.897	4475801.33	580	578	-1	579	-1	1
580	580	6	717533.897	4475801.33	581	579	-1	580	-1	1
581	581	6	717530.897	4475801.33	582	580	-1	581	-1	1
582	582	6	717527.897	4475801.33	583	581	-1	582	-1	1
583	583	6	717524.897	4475801.33	584	582	-1	583	-1	1
584	584	6	717521.897	4475801.33	585	583	-1	584	-1	1
585	585	6	717518.897	4475801.33	586	584	-1	585	-1	1
586	586	6	717515.897	4475804.33	587	585	-1	586	-1	1
587	587	6	717512.897	4475804.33	588	586	-1	587	-1	1
588	588	6	717509.897	4475807.33	589	587	-1	588	-1	1
589	589	6	717506.897	4475807.33	590	588	-1	589	-1	1
590	590	6	717503.897	4475810.33	591	589	-1	590	-1	1
591	591	6	717500.897	4475810.33	592	590	-1	591	-1	1
592	592	6	717497.897	4475813.33	593	591	-1	592	-1	1
593	593	6	717494.897	4475813.33	594	592	-1	593	-1	1
594	594	6	717491.897	4475813.33	595	593	-1	594	-1	1
595	595	6	717488.897	4475813.33	596	594	-1	595	-1	1
596	596	6	717485.897	4475813.33	597	595	-1	596	-1	1
597	597	6	717482.897	4475813.33	598	596	-1	597	-1	1
598	598	6	717479.897	4475813.33	599	597	-1	598	-1	1
599	599	6	717476.897	4475813.33	600	598	-1	599	-1	1
600	600	6	717473.897	4475813.33	601	599	-1	600	-1	1
601	601	6	717470.897	4475813.33	602	600	-1	601	-1	1
602	602	6	717467.897	4475813.33	603	601	-1	602	-1	1
603	603	6	717464.897	4475813.33	604	602	-1	603	-1	1
604	604	6	717461.897	4475813.33	605	603	-1	604	-1	1
605	605	6	717458.897	4475813.33	606	604	-1	605	-1	1
606	606	6	717455.897	4475810.33	607	605	-1	606	-1	1
607	607	6	717452.897	4475807.33	608	606	-1	607	-1	1
608	608	6	717449.897	4475804.33	609	607	-1	608	-1	1
609	609	6	717446.897	4475801.33	610	608	-1	609	-1	1
610	610	6	717443.897	4475798.33	611	609	-1	610	-1	1
611	611	6	717440.897	4475798.33	612	610	-1	611	-1	1
612	612	6	717437.897	4475798.33	613	611	-1	612	-1	1
613	613	6	717434.897	4475798.33	614	612	-1	613	-1	1
614	614	6	717431.897	4475798.33	615	613	-1	614	-1	1
615	615	6	717428.897	4475798.33	616	614	-1	615	-1	1
616	616	6	717425.897	4475798.33	617	615	-1	616	-1	1
617	617	6	717422.897	4475798.33	618	616	-1	617	-1	1
618	618	6	717419.897	4475798.33	619	617	-1	618	-1	1
619	619	6	717416.897	4475798.33	620	618	-1	619	-1	1
620	620	6	717413.897	4475798.33	621	619	-1	620	-1	1
621	621	6	717410.897	4475798.33	622	620	-1	621	-1	1
622	622	6	717407.897	4475798.33	623	621	-1	622	-1	1
623	623	6	717404.897	4475798.33	624	622	-1	623	-1	1
624	624	6	717401.897	4475798.33	625	623	-1	624	-1	1
625	625	6	717398.897	4475798.33	626	624	-1	625	-1	1
626	626	6	717395.897	4475798.33	627	625	-1	626	-1	1
627	627	6	717392.897	4475798.33	628	626	-1	627	-1	1
628	628	6	717389.897	4475795.33	629	627	-1	628	-1	1
629	629	6	717386.897	4475795.33	630	628	-1	629	-1	1
630	630	6	717383.897	4475795.33	631	629	-1	630	-1	1
631	631	6	717380.897	4475795.33	632	630	-1	631	-1	1
632	632	6	717377.897	4475792.33	633	631	-1	632	-1	1
633	633	6	717374.897	4475789.33	634	632	-1	633	-1	1
634	634	6	717371.897	4475786.33	635	633	-1	634	-1	1
635	635	6	717368.897	4475783.33	636	634	-1	635	-1	1
636	636	6	717365.897	4475780.33	637	635	-1	636	-1	1
637	637	6	717362.897	4475777.33	638	636	-1	637	-1	1
638	638	6	717359.897	4475774.33	639	637	-1	638	-1	1
639	639	6	717356.897	4475771.33	640	638	-1	639	-1	1
640	640	6	717353.897	4475771.33	641	639	-1	640	-1	1
641	641	6	717350.897	4475771.33	642	640	-1	641	-1	1
642	642	6	717347.897	4475771.33	643	641	-1	642	-1	1
643	643	6	717344.897	4475771.33	644	642	-1	643	-1	1
644	644	6	717341.897	4475771.33	645	643	-1	644	-1	1
645	645	6	717338.897	4475774.33	646	644	-1	645	-1	1
646	646	6	717335.897	4475777.33	647	645	-1	646	-1	1
647	647	6	717332.897	4475780.33	648	646	-1	647	-1	1
648	648	6	717329.897	4475783.33	649	647	-1	648	-1	1
649	649	6	717326.897	4475786.33	650	648	-1	649	-1	1
650	650	6	717323.897	4475789.33	651	649	-1	650	-1	1
651	651	6	717320.897	4475789.33	652	650	-1	651	-1	1
652	652	3	717317.897	4475792.33	653	651	-1	549	-1	1
653	653	2	717317.897	4475792.33	654	652	549	549	-1	1
654	654	6	717317.897	4475795.33	655	653	-1	654	-1	1
655	655	6	717317.897	4475798.33	656	654	-1	655	-1	1
656	656	6	717314.897	4475801.33	657	655	-1	656	-1	1
657	657	6	717314.897	4475804.33	658	656	-1	657	-1	1
658	658	6	717314.897	4475807.33	659	657	-1	658	-1	1
659	659	6	717314.897	4475810.33	660	658	-1	659	-1	1
660	660	6	717314.897	4475813.33	661	659	-1	660	-1	1
661	661	6	717311.897	4475816.33	662	660	-1	661	-1	1
662	662	6	717311.897	4475819.33	663	661	-1	662	-1	1
663	663	6	717311.897	4475822.33	664	662	-1	663	-1	1
664	664	6	717311.897	4475825.33	665	663	-1	664	-1	1
665	665	6	717311.897	4475828.33	666	664	-1	665	-1	1
666	666	6	717311.897	4475831.33	667	665	-1	666	-1	1
667	667	6	717311.897	4475834.33	668	666	-1	667	-1	1
668	668	6	717311.897	4475837.33	669	667	-1	668	-1	1
669	669	6	717311.897	4475840.33	670	668	-1	669	-1	1
670	670	6	717311.897	4475843.33	671	669	-1	670	-1	1
671	671	6	717311.897	4475846.33	672	670	-1	671	-1	1
672	672	6	717311.897	4475849.33	673	671	-1	672	-1	1
673	673	6	717311.897	4475852.33	674	672	-1	673	-1	1
674	674	6	717311.897	4475855.33	675	673	-1	674	-1	1
675	675	6	717311.897	4475858.33	676	674	-1	675	-1	1
676	676	6	717311.897	4475861.33	677	675	-1	676	-1	1
677	677	6	717311.897	4475864.33	678	676	-1	677	-1	1
678	678	6	717311.897	4475867.33	679	677	-1	678	-1	1
679	679	6	717314.897	4475870.33	680	678	-1	679	-1	1
680	680	6	717314.897	4475873.33	681	679	-1	680	-1	1
681	681	6	717314.897	4475876.33	682	680	-1	681	-1	1
682	682	6	717317.897	4475879.33	683	681	-1	682	-1	1
683	683	6	717317.897	4475882.33	684	682	-1	683	-1	1
684	684	6	717317.897	4475885.33	685	683	-1	684	-1	1
685	685	6	717317.897	4475888.33	686	684	-1	685	-1	1
686	686	6	717314.897	4475891.33	687	685	-1	686	-1	1
687	687	6	717311.897	4475894.33	688	686	-1	687	-1	1
688	688	6	717308.897	4475897.33	689	687	-1	688	-1	1
689	689	6	717305.897	4475900.33	690	688	-1	689	-1	1
690	690	6	717302.897	4475903.33	691	689	-1	690	-1	1
691	691	6	717299.897	4475906.33	692	690	-1	691	-1	1
692	692	6	717296.897	4475909.33	693	691	-1	692	-1	1
693	693	6	717293.897	4475912.33	694	692	-1	693	-1	1
694	694	6	717290.897	4475915.33	695	693	-1	694	-1	1
695	695	6	717290.897	4475918.33	696	694	-1	695	-1	1
696	696	6	717287.897	4475921.33	697	695	-1	696	-1	1
697	697	6	717284.897	4475921.33	698	696	-1	697	-1	1
698	698	6	717281.897	4475924.33	699	697	-1	698	-1	1
699	699	6	717278.897	4475927.33	700	698	-1	699	-1	1
700	700	6	717275.897	4475927.33	701	699	-1	700	-1	1
701	701	6	717272.897	4475930.33	702	700	-1	701	-1	1
702	702	6	717269.897	4475933.33	703	701	-1	702	-1	1
703	703	6	717266.897	4475933.33	704	702	-1	703	-1	1
704	704	6	717263.897	4475933.33	705	703	-1	704	-1	1
705	705	6	717260.897	4475933.33	706	704	-1	705	-1	1
706	706	6	717257.897	4475933.33	707	705	-1	706	-1	1
707	707	6	717254.897	4475933.33	708	706	-1	707	-1	1
708	708	6	717251.897	4475936.33	709	707	-1	708	-1	1
709	709	6	717248.897	4475936.33	710	708	-1	709	-1	1
710	710	6	717245.897	4475936.33	711	709	-1	710	-1	1
711	711	6	717242.897	4475936.33	712	710	-1	711	-1	1
712	712	6	717239.897	4475936.33	713	711	-1	712	-1	1
713	713	6	717236.897	4475936.33	714	712	-1	713	-1	1
714	714	6	717233.897	4475936.33	715	713	-1	714	-1	1
715	715	6	717230.897	4475939.33	716	714	-1	715	-1	1
716	716	6	717227.897	4475939.33	717	715	-1	716	-1	1
717	717	6	717224.897	4475939.33	718	716	-1	717	-1	1
718	718	6	717221.897	4475939.33	719	717	-1	718	-1	1
719	719	6	717218.897	4475939.33	720	718	-1	719	-1	1
720	720	6	717215.897	4475942.33	721	719	-1	720	-1	1
721	721	6	717212.897	4475945.33	722	720	-1	721	-1	1
722	722	6	717209.897	4475945.33	723	721	-1	722	-1	1
723	723	6	717206.897	4475948.33	724	722	-1	723	-1	1
724	724	6	717203.897	4475951.33	725	723	-1	724	-1	1
725	725	6	717203.897	4475954.33	726	724	-1	725	-1	1
726	726	6	717200.897	4475957.33	727	725	-1	726	-1	1
727	727	6	717197.897	4475960.33	728	726	-1	727	-1	1
728	728	6	717194.897	4475963.33	729	727	-1	728	-1	1
729	729	6	717191.897	4475966.33	730	728	-1	729	-1	1
730	730	6	717188.897	4475969.33	731	729	-1	730	-1	1
731	731	6	717185.897	4475972.33	732	730	-1	731	-1	1
732	732	6	717185.897	4475975.33	733	731	-1	732	-1	1
733	733	6	717182.897	4475978.33	734	732	-1	733	-1	1
734	734	6	717179.897	4475981.33	735	733	-1	734	-1	1
735	735	6	717176.897	4475984.33	736	734	-1	735	-1	1
736	736	6	717173.897	4475987.33	737	735	-1	736	-1	1
737	737	6	717170.897	4475990.33	738	736	-1	737	-1	1
738	738	6	717170.897	4475993.33	739	737	-1	738	-1	1
739	739	6	717170.897	4475996.33	740	738	-1	739	-1	1
740	740	6	717170.897	4475999.33	741	739	-1	740	-1	1
741	741	6	717170.897	4476002.33	742	740	-1	741	-1	1
742	742	3	717167.897	4476005.33	743	741	-1	271	-1	1
743	743	2	717167.897	4476005.33	744	742	271	271	-1	1
744	744	9	717164.897	4476008.33	744	743	-1	744	-1	1
