1712
RC_ID	RC_NDUSID	RC_NDDSID	RC_ORDER	RC_LENGTH
1	1	2	1	3.0
2	2	3	1	4.242640687119285
3	3	4	1	3.0
4	4	5	1	4.242640687119285
5	5	6	1	3.0
6	6	7	1	3.0
7	7	8	1	3.0
8	8	9	1	4.242640687119285
9	9	10	1	3.0
10	10	11	1	3.0
11	11	12	1	4.242640687119285
12	12	13	1	3.0
13	13	14	1	4.242640687119285
14	14	15	1	3.0
15	15	16	1	4.242640687119285
16	16	17	1	4.242640687119285
17	17	18	1	3.0
18	18	19	1	3.0
19	19	20	1	4.242640687119285
20	20	21	1	4.242640687119285
21	21	22	1	4.242640687119285
22	22	23	1	3.0
23	23	24	1	4.242640687119285
24	24	25	1	4.242640687119285
25	25	26	1	4.242640687119285
26	26	27	1	3.0
27	27	28	1	3.0
28	28	29	1	3.0
29	29	30	1	3.0
30	30	31	1	3.0
31	31	32	1	3.0
32	32	33	1	3.0
33	33	34	1	3.0
34	34	35	1	3.0
35	35	36	1	3.0
36	36	37	1	3.0
37	37	38	1	3.0
38	38	39	1	3.0
39	39	40	1	4.242640687119285
40	40	41	1	3.0
41	41	42	1	3.0
42	42	43	1	4.242640687119285
43	43	44	1	3.0
44	44	45	1	3.0
45	45	46	1	3.0
46	46	47	1	3.0
47	47	48	1	3.0
48	48	49	1	3.0
49	49	50	1	3.0
50	50	51	1	3.0
51	51	52	1	4.242640687119285
52	52	53	1	4.242640687119285
53	53	54	1	3.0
54	54	55	1	4.242640687119285
55	55	56	1	3.0
56	56	57	1	4.242640687119285
57	57	58	1	3.0
58	58	59	1	4.242640687119285
59	59	60	1	4.242640687119285
60	60	61	1	4.242640687119285
61	61	62	1	3.0
62	62	63	1	3.0
1	64	65	1	3.0
2	65	66	1	3.0
3	66	67	1	3.0
4	67	68	1	3.0
5	68	69	1	3.0
6	69	70	1	4.242640687119285
7	70	71	1	3.0
8	71	72	1	3.0
9	72	73	1	3.0
10	73	74	1	3.0
11	74	75	1	3.0
12	75	76	1	3.0
13	76	77	1	4.242640687119285
14	77	78	1	3.0
15	78	79	1	4.242640687119285
16	79	80	1	3.0
17	80	81	1	4.242640687119285
18	81	82	1	3.0
19	82	83	1	3.0
20	83	84	1	3.0
21	84	85	1	4.242640687119285
22	85	86	1	3.0
23	86	87	1	4.242640687119285
24	87	88	1	4.242640687119285
25	88	89	1	3.0
26	89	90	1	3.0
27	90	91	1	4.242640687119285
28	91	92	1	3.0
29	92	93	1	4.242640687119285
30	93	94	1	4.242640687119285
31	94	95	1	4.242640687119285
32	95	96	1	3.0
33	96	97	1	3.0
34	97	98	1	3.0
35	98	99	1	3.0
36	99	100	1	4.242640687119285
37	100	101	1	4.242640687119285
38	101	102	1	4.242640687119285
39	102	103	1	4.242640687119285
40	103	104	1	4.242640687119285
41	104	105	1	3.0
42	105	106	1	4.242640687119285
43	106	107	1	3.0
44	107	108	1	4.242640687119285
45	108	109	1	4.242640687119285
46	109	110	1	3.0
47	110	111	1	4.242640687119285
48	111	112	1	4.242640687119285
49	112	113	1	4.242640687119285
50	113	114	1	4.242640687119285
51	114	115	1	4.242640687119285
52	115	116	1	4.242640687119285
53	116	117	1	4.242640687119285
54	117	118	1	4.242640687119285
55	118	119	1	4.242640687119285
56	119	120	1	4.242640687119285
57	120	121	1	4.242640687119285
58	121	122	1	4.242640687119285
59	122	123	1	4.242640687119285
60	123	124	1	4.242640687119285
61	124	125	1	4.242640687119285
62	125	126	1	4.242640687119285
63	126	127	1	4.242640687119285
64	127	128	1	4.242640687119285
1	129	130	1	3.0
2	130	131	1	3.0
3	131	132	1	3.0
4	132	133	1	4.242640687119285
5	133	134	1	3.0
6	134	135	1	3.0
7	135	136	1	4.242640687119285
8	136	137	1	3.0
9	137	138	1	3.0
10	138	139	1	3.0
11	139	140	1	3.0
12	140	141	1	4.242640687119285
13	141	142	1	3.0
14	142	143	1	4.242640687119285
15	143	144	1	4.242640687119285
16	144	145	1	4.242640687119285
17	145	146	1	4.242640687119285
18	146	147	1	4.242640687119285
19	147	148	1	4.242640687119285
20	148	149	1	4.242640687119285
21	149	150	1	4.242640687119285
22	150	151	1	3.0
23	151	152	1	3.0
24	152	153	1	4.242640687119285
25	153	154	1	4.242640687119285
26	154	155	1	4.242640687119285
27	155	156	1	4.242640687119285
28	156	157	1	4.242640687119285
29	157	158	1	3.0
30	158	159	1	3.0
31	159	160	1	3.0
32	160	161	1	3.0
33	161	162	1	3.0
34	162	163	1	3.0
35	163	164	1	4.242640687119285
36	164	165	1	3.0
37	165	166	1	3.0
38	166	167	1	3.0
39	167	168	1	3.0
40	168	169	1	3.0
41	169	170	1	4.242640687119285
42	170	171	1	3.0
43	171	172	1	3.0
44	172	173	1	4.242640687119285
45	173	174	1	3.0
46	174	175	1	3.0
47	175	176	1	3.0
48	176	177	1	4.242640687119285
49	177	178	1	3.0
50	178	179	1	3.0
51	179	180	1	4.242640687119285
52	180	181	1	4.242640687119285
53	181	182	1	3.0
54	182	183	1	3.0
55	183	184	1	4.242640687119285
56	184	185	1	3.0
57	185	186	1	4.242640687119285
58	186	187	1	3.0
59	187	188	1	4.242640687119285
60	188	189	1	4.242640687119285
61	189	190	1	4.242640687119285
62	190	191	1	3.0
63	191	192	1	4.242640687119285
64	192	193	1	4.242640687119285
65	193	194	1	4.242640687119285
66	194	195	1	3.0
67	195	196	1	3.0
68	196	197	1	3.0
69	197	198	1	4.242640687119285
70	198	199	1	3.0
71	199	200	1	3.0
72	200	201	1	3.0
73	201	202	1	3.0
74	202	203	1	3.0
75	203	204	1	3.0
76	204	205	1	3.0
77	205	206	1	3.0
78	206	207	1	3.0
79	207	208	1	3.0
80	208	209	1	4.242640687119285
81	209	210	1	4.242640687119285
82	210	211	1	3.0
83	211	212	1	3.0
84	212	213	1	3.0
85	213	214	1	3.0
86	214	215	1	4.242640687119285
87	215	216	1	4.242640687119285
88	216	217	1	4.242640687119285
89	217	218	1	3.0
90	218	219	1	3.0
91	219	220	1	4.242640687119285
92	220	221	1	3.0
93	221	222	1	4.242640687119285
94	222	223	1	4.242640687119285
95	223	224	1	3.0
96	224	225	1	4.242640687119285
97	225	226	1	4.242640687119285
98	226	227	1	4.242640687119285
99	227	228	1	3.0
100	228	229	1	4.242640687119285
101	229	230	1	3.0
102	230	231	1	3.0
103	231	232	1	3.0
104	232	233	1	4.242640687119285
105	233	234	1	3.0
106	234	235	1	3.0
107	235	236	1	3.0
108	236	237	1	3.0
109	237	238	1	3.0
110	238	239	1	3.0
111	239	240	1	3.0
112	240	241	1	3.0
113	241	242	1	3.0
114	242	243	1	3.0
115	243	244	1	3.0
116	244	245	1	4.242640687119285
117	245	246	1	3.0
118	246	247	1	3.0
119	247	248	1	3.0
120	248	249	1	3.0
121	249	250	1	3.0
122	250	251	1	3.0
123	251	252	1	3.0
124	252	253	1	3.0
125	253	254	1	3.0
126	254	255	1	3.0
127	255	256	1	3.0
128	256	257	1	3.0
129	257	258	1	3.0
130	258	259	1	3.0
131	259	260	1	3.0
132	260	261	1	3.0
133	261	262	1	3.0
134	262	263	1	3.0
135	263	264	1	3.0
136	264	265	1	4.242640687119285
137	265	266	1	4.242640687119285
138	266	267	1	4.242640687119285
139	267	268	1	3.0
140	268	269	1	4.242640687119285
141	269	270	1	4.242640687119285
142	270	271	1	3.0
143	271	272	1	4.242640687119285
144	272	273	1	4.242640687119285
145	273	274	1	4.242640687119285
146	274	275	1	4.242640687119285
147	275	276	1	4.242640687119285
148	276	277	1	3.0
149	277	278	1	3.0
150	278	279	1	3.0
151	279	280	1	3.0
152	280	281	1	3.0
153	281	282	1	4.242640687119285
154	282	283	1	4.242640687119285
155	283	284	1	3.0
156	284	285	1	4.242640687119285
157	285	286	1	3.0
158	286	287	1	4.242640687119285
159	287	288	1	3.0
160	288	289	1	4.242640687119285
161	289	290	1	3.0
162	290	291	1	4.242640687119285
163	291	292	1	4.242640687119285
164	292	293	1	3.0
165	293	294	1	4.242640687119285
166	294	295	1	3.0
167	295	296	1	3.0
168	296	297	1	4.242640687119285
169	297	298	1	4.242640687119285
170	298	299	1	4.242640687119285
171	299	300	1	4.242640687119285
172	300	301	1	4.242640687119285
173	301	302	1	4.242640687119285
174	302	303	1	4.242640687119285
175	303	304	1	3.0
176	304	305	1	4.242640687119285
177	305	306	1	3.0
178	306	307	1	4.242640687119285
179	307	308	1	4.242640687119285
180	308	309	1	4.242640687119285
181	309	310	1	4.242640687119285
182	310	311	1	4.242640687119285
183	311	312	1	4.242640687119285
184	312	313	1	4.242640687119285
185	313	314	1	4.242640687119285
186	314	315	1	4.242640687119285
187	315	316	1	4.242640687119285
188	316	317	1	3.0
189	317	318	1	3.0
190	318	319	1	4.242640687119285
191	319	320	1	4.242640687119285
192	320	321	1	4.242640687119285
193	321	322	1	4.242640687119285
194	322	323	1	4.242640687119285
1	324	325	2	3.0
2	325	326	2	3.0
3	326	327	2	3.0
4	327	328	2	4.242640687119285
5	328	329	2	3.0
6	329	330	2	3.0
7	330	331	2	4.242640687119285
8	331	332	2	3.0
9	332	333	2	3.0
10	333	334	2	3.0
11	334	335	2	4.242640687119285
12	335	336	2	3.0
13	336	337	2	3.0
14	337	338	2	3.0
15	338	339	2	3.0
16	339	340	2	3.0
17	340	341	2	3.0
18	341	342	2	3.0
19	342	343	2	3.0
20	343	344	2	3.0
21	344	345	2	4.242640687119285
22	345	346	2	4.242640687119285
23	346	347	2	3.0
24	347	348	2	3.0
25	348	349	2	3.0
26	349	350	2	3.0
27	350	351	2	3.0
28	351	352	2	4.242640687119285
29	352	353	2	3.0
30	353	354	2	3.0
31	354	355	2	3.0
32	355	356	2	3.0
33	356	357	2	3.0
1	358	359	1	4.242640687119285
2	359	360	1	4.242640687119285
3	360	361	1	3.0
4	361	362	1	4.242640687119285
5	362	363	1	3.0
6	363	364	1	4.242640687119285
7	364	365	1	3.0
8	365	366	1	4.242640687119285
9	366	367	1	3.0
10	367	368	1	4.242640687119285
11	368	369	1	4.242640687119285
12	369	370	1	4.242640687119285
13	370	371	1	4.242640687119285
14	371	372	1	4.242640687119285
15	372	373	1	4.242640687119285
16	373	374	1	4.242640687119285
17	374	375	1	4.242640687119285
18	375	376	1	4.242640687119285
19	376	377	1	3.0
20	377	378	1	3.0
21	378	379	1	4.242640687119285
22	379	380	1	4.242640687119285
23	380	381	1	4.242640687119285
24	381	382	1	3.0
25	382	383	1	4.242640687119285
26	383	384	1	4.242640687119285
27	384	385	1	3.0
28	385	386	1	4.242640687119285
29	386	387	1	3.0
30	387	388	1	4.242640687119285
31	388	389	1	3.0
32	389	390	1	3.0
33	390	391	1	3.0
34	391	392	1	3.0
35	392	393	1	3.0
36	393	394	1	3.0
37	394	395	1	3.0
38	395	396	1	3.0
39	396	397	1	4.242640687119285
40	397	398	1	3.0
41	398	399	1	4.242640687119285
42	399	400	1	3.0
43	400	401	1	3.0
44	401	402	1	3.0
45	402	403	1	4.242640687119285
46	403	404	1	4.242640687119285
47	404	405	1	4.242640687119285
48	405	406	1	3.0
49	406	407	1	4.242640687119285
50	407	408	1	3.0
51	408	409	1	4.242640687119285
52	409	410	1	4.242640687119285
53	410	411	1	3.0
54	411	412	1	4.242640687119285
55	412	413	1	4.242640687119285
56	413	414	1	4.242640687119285
57	414	415	1	4.242640687119285
58	415	416	1	4.242640687119285
59	416	417	1	3.0
1	418	419	2	4.242640687119285
1	420	421	2	4.242640687119285
2	421	422	2	3.0
3	422	423	2	3.0
4	423	424	2	4.242640687119285
5	424	425	2	3.0
6	425	426	2	3.0
7	426	427	2	4.242640687119285
8	427	428	2	3.0
9	428	429	2	3.0
10	429	430	2	4.242640687119285
11	430	431	2	3.0
12	431	432	2	4.242640687119285
13	432	433	2	4.242640687119285
14	433	434	2	4.242640687119285
15	434	435	2	4.242640687119285
16	435	436	2	3.0
17	436	437	2	3.0
18	437	438	2	4.242640687119285
19	438	439	2	3.0
20	439	440	2	4.242640687119285
21	440	441	2	3.0
22	441	442	2	4.242640687119285
23	442	443	2	3.0
24	443	444	2	3.0
25	444	445	2	3.0
26	445	446	2	4.242640687119285
27	446	447	2	4.242640687119285
28	447	448	2	3.0
29	448	449	2	3.0
30	449	450	2	3.0
31	450	451	2	4.242640687119285
32	451	452	2	3.0
33	452	453	2	3.0
34	453	454	2	4.242640687119285
35	454	455	2	3.0
36	455	456	2	3.0
37	456	457	2	3.0
38	457	458	2	4.242640687119285
39	458	459	2	3.0
40	459	460	2	3.0
41	460	461	2	4.242640687119285
42	461	462	2	3.0
43	462	463	2	3.0
44	463	464	2	3.0
45	464	465	2	3.0
46	465	466	2	4.242640687119285
47	466	467	2	3.0
48	467	468	2	3.0
49	468	469	2	3.0
50	469	470	2	3.0
51	470	471	2	3.0
52	471	472	2	3.0
53	472	473	2	3.0
54	473	474	2	3.0
55	474	475	2	4.242640687119285
56	475	476	2	3.0
57	476	477	2	3.0
58	477	478	2	4.242640687119285
59	478	479	2	3.0
60	479	480	2	3.0
61	480	481	2	3.0
62	481	482	2	4.242640687119285
63	482	483	2	4.242640687119285
64	483	484	2	4.242640687119285
65	484	485	2	4.242640687119285
66	485	486	2	4.242640687119285
67	486	487	2	4.242640687119285
68	487	488	2	4.242640687119285
69	488	489	2	4.242640687119285
70	489	490	2	4.242640687119285
71	490	491	2	4.242640687119285
72	491	492	2	4.242640687119285
73	492	493	2	3.0
74	493	494	2	3.0
75	494	495	2	4.242640687119285
76	495	496	2	3.0
77	496	497	2	4.242640687119285
78	497	498	2	4.242640687119285
79	498	499	2	3.0
80	499	500	2	3.0
81	500	501	2	3.0
82	501	502	2	3.0
83	502	503	2	3.0
84	503	504	2	3.0
85	504	505	2	3.0
86	505	506	2	3.0
87	506	507	2	3.0
88	507	508	2	3.0
89	508	509	2	3.0
90	509	510	2	3.0
91	510	511	2	4.242640687119285
92	511	512	2	4.242640687119285
93	512	513	2	3.0
94	513	514	2	3.0
95	514	515	2	3.0
96	515	516	2	3.0
97	516	517	2	3.0
98	517	518	2	3.0
99	518	519	2	3.0
100	519	520	2	3.0
101	520	521	2	3.0
102	521	522	2	4.242640687119285
103	522	523	2	4.242640687119285
104	523	524	2	4.242640687119285
105	524	525	2	3.0
106	525	526	2	4.242640687119285
107	526	527	2	3.0
108	527	528	2	4.242640687119285
109	528	529	2	3.0
110	529	530	2	4.242640687119285
111	530	531	2	3.0
112	531	532	2	3.0
113	532	533	2	3.0
114	533	534	2	4.242640687119285
115	534	535	2	4.242640687119285
116	535	536	2	4.242640687119285
117	536	537	2	4.242640687119285
118	537	538	2	3.0
119	538	539	2	3.0
120	539	540	2	4.242640687119285
1	541	542	1	3.0
2	542	543	1	3.0
3	543	544	1	3.0
4	544	545	1	3.0
5	545	546	1	3.0
6	546	547	1	4.242640687119285
7	547	548	1	4.242640687119285
8	548	549	1	3.0
9	549	550	1	4.242640687119285
10	550	551	1	4.242640687119285
11	551	552	1	3.0
12	552	553	1	3.0
13	553	554	1	4.242640687119285
14	554	555	1	3.0
15	555	556	1	3.0
16	556	557	1	3.0
17	557	558	1	3.0
18	558	559	1	3.0
19	559	560	1	4.242640687119285
20	560	561	1	3.0
21	561	562	1	3.0
22	562	563	1	4.242640687119285
23	563	564	1	3.0
24	564	565	1	3.0
25	565	566	1	3.0
26	566	567	1	3.0
27	567	568	1	3.0
28	568	569	1	3.0
29	569	570	1	3.0
1	571	572	2	3.0
2	572	573	2	3.0
3	573	574	2	3.0
4	574	575	2	3.0
5	575	576	2	3.0
6	576	577	2	4.242640687119285
7	577	578	2	3.0
8	578	579	2	3.0
9	579	580	2	3.0
10	580	581	2	3.0
11	581	582	2	3.0
12	582	583	2	3.0
13	583	584	2	3.0
14	584	585	2	3.0
15	585	586	2	3.0
16	586	587	2	3.0
17	587	588	2	3.0
18	588	589	2	4.242640687119285
19	589	590	2	3.0
20	590	591	2	3.0
21	591	592	2	3.0
22	592	593	2	4.242640687119285
23	593	594	2	4.242640687119285
24	594	595	2	3.0
25	595	596	2	4.242640687119285
26	596	597	2	3.0
27	597	598	2	4.242640687119285
28	598	599	2	4.242640687119285
29	599	600	2	4.242640687119285
30	600	601	2	3.0
31	601	602	2	3.0
32	602	603	2	3.0
33	603	604	2	3.0
34	604	605	2	3.0
35	605	606	2	3.0
36	606	607	2	3.0
37	607	608	2	3.0
38	608	609	2	3.0
39	609	610	2	3.0
40	610	611	2	3.0
41	611	612	2	3.0
42	612	613	2	4.242640687119285
43	613	614	2	3.0
44	614	615	2	3.0
45	615	616	2	3.0
46	616	617	2	3.0
47	617	618	2	4.242640687119285
48	618	619	2	3.0
49	619	620	2	4.242640687119285
50	620	621	2	4.242640687119285
51	621	622	2	4.242640687119285
52	622	623	2	4.242640687119285
53	623	624	2	4.242640687119285
54	624	625	2	4.242640687119285
55	625	626	2	4.242640687119285
56	626	627	2	3.0
57	627	628	2	4.242640687119285
58	628	629	2	4.242640687119285
59	629	630	2	4.242640687119285
60	630	631	2	4.242640687119285
61	631	632	2	3.0
62	632	633	2	3.0
63	633	634	2	3.0
64	634	635	2	4.242640687119285
65	635	636	2	3.0
66	636	637	2	4.242640687119285
67	637	638	2	4.242640687119285
68	638	639	2	3.0
69	639	640	2	4.242640687119285
70	640	641	2	4.242640687119285
71	641	642	2	4.242640687119285
72	642	643	2	4.242640687119285
73	643	644	2	4.242640687119285
74	644	645	2	4.242640687119285
75	645	646	2	4.242640687119285
76	646	647	2	4.242640687119285
77	647	648	2	4.242640687119285
78	648	649	2	4.242640687119285
79	649	650	2	4.242640687119285
80	650	651	2	4.242640687119285
81	651	652	2	4.242640687119285
82	652	653	2	4.242640687119285
83	653	654	2	3.0
84	654	655	2	4.242640687119285
85	655	656	2	4.242640687119285
86	656	657	2	4.242640687119285
87	657	658	2	4.242640687119285
88	658	659	2	3.0
89	659	660	2	3.0
90	660	661	2	3.0
91	661	662	2	3.0
92	662	663	2	4.242640687119285
93	663	664	2	3.0
94	664	665	2	3.0
95	665	666	2	3.0
96	666	667	2	3.0
97	667	668	2	3.0
98	668	669	2	3.0
99	669	670	2	3.0
100	670	671	2	3.0
101	671	672	2	3.0
102	672	673	2	3.0
103	673	674	2	4.242640687119285
104	674	675	2	3.0
105	675	676	2	3.0
106	676	677	2	4.242640687119285
107	677	678	2	4.242640687119285
108	678	679	2	4.242640687119285
109	679	680	2	4.242640687119285
110	680	681	2	4.242640687119285
111	681	682	2	3.0
112	682	683	2	3.0
113	683	684	2	3.0
114	684	685	2	3.0
115	685	686	2	3.0
116	686	687	2	3.0
1	688	689	1	3.0
2	689	690	1	3.0
3	690	691	1	4.242640687119285
4	691	692	1	3.0
5	692	693	1	3.0
6	693	694	1	4.242640687119285
7	694	695	1	3.0
8	695	696	1	3.0
9	696	697	1	3.0
10	697	698	1	4.242640687119285
11	698	699	1	3.0
12	699	700	1	4.242640687119285
13	700	701	1	3.0
14	701	702	1	4.242640687119285
15	702	703	1	4.242640687119285
16	703	704	1	4.242640687119285
17	704	705	1	4.242640687119285
18	705	706	1	3.0
19	706	707	1	4.242640687119285
20	707	708	1	4.242640687119285
21	708	709	1	4.242640687119285
22	709	710	1	4.242640687119285
23	710	711	1	3.0
24	711	712	1	4.242640687119285
25	712	713	1	4.242640687119285
26	713	714	1	4.242640687119285
27	714	715	1	3.0
28	715	716	1	4.242640687119285
29	716	717	1	3.0
30	717	718	1	3.0
31	718	719	1	4.242640687119285
32	719	720	1	3.0
33	720	721	1	4.242640687119285
34	721	722	1	3.0
35	722	723	1	3.0
36	723	724	1	4.242640687119285
37	724	725	1	3.0
38	725	726	1	3.0
39	726	727	1	3.0
40	727	728	1	3.0
41	728	729	1	3.0
42	729	730	1	4.242640687119285
43	730	731	1	4.242640687119285
44	731	732	1	4.242640687119285
45	732	733	1	4.242640687119285
46	733	734	1	3.0
47	734	735	1	4.242640687119285
48	735	736	1	4.242640687119285
1	737	738	1	4.242640687119285
2	738	739	1	4.242640687119285
3	739	740	1	3.0
4	740	741	1	4.242640687119285
5	741	742	1	3.0
6	742	743	1	4.242640687119285
7	743	744	1	3.0
8	744	745	1	3.0
9	745	746	1	3.0
10	746	747	1	3.0
11	747	748	1	3.0
12	748	749	1	3.0
13	749	750	1	3.0
14	750	751	1	3.0
15	751	752	1	4.242640687119285
16	752	753	1	3.0
17	753	754	1	4.242640687119285
18	754	755	1	4.242640687119285
19	755	756	1	4.242640687119285
20	756	757	1	4.242640687119285
21	757	758	1	4.242640687119285
22	758	759	1	3.0
23	759	760	1	3.0
24	760	761	1	3.0
25	761	762	1	3.0
26	762	763	1	3.0
27	763	764	1	3.0
28	764	765	1	3.0
29	765	766	1	3.0
30	766	767	1	4.242640687119285
31	767	768	1	4.242640687119285
32	768	769	1	4.242640687119285
33	769	770	1	3.0
34	770	771	1	3.0
35	771	772	1	3.0
36	772	773	1	3.0
37	773	774	1	4.242640687119285
38	774	775	1	3.0
39	775	776	1	3.0
40	776	777	1	3.0
41	777	778	1	3.0
42	778	779	1	3.0
43	779	780	1	3.0
44	780	781	1	3.0
45	781	782	1	4.242640687119285
46	782	783	1	4.242640687119285
47	783	784	1	3.0
48	784	785	1	3.0
49	785	786	1	3.0
50	786	787	1	4.242640687119285
51	787	788	1	4.242640687119285
52	788	789	1	3.0
53	789	790	1	3.0
54	790	791	1	3.0
55	791	792	1	3.0
56	792	793	1	3.0
57	793	794	1	4.242640687119285
58	794	795	1	3.0
59	795	796	1	3.0
60	796	797	1	3.0
61	797	798	1	4.242640687119285
62	798	799	1	3.0
63	799	800	1	3.0
64	800	801	1	3.0
65	801	802	1	3.0
66	802	803	1	3.0
67	803	804	1	4.242640687119285
68	804	805	1	3.0
69	805	806	1	3.0
70	806	807	1	3.0
71	807	808	1	4.242640687119285
72	808	809	1	3.0
73	809	810	1	3.0
74	810	811	1	3.0
75	811	812	1	3.0
76	812	813	1	3.0
77	813	814	1	3.0
78	814	815	1	3.0
79	815	816	1	3.0
80	816	817	1	3.0
81	817	818	1	3.0
82	818	819	1	3.0
83	819	820	1	4.242640687119285
84	820	821	1	3.0
85	821	822	1	4.242640687119285
86	822	823	1	4.242640687119285
87	823	824	1	4.242640687119285
88	824	825	1	4.242640687119285
89	825	826	1	4.242640687119285
90	826	827	1	4.242640687119285
91	827	828	1	4.242640687119285
92	828	829	1	4.242640687119285
93	829	830	1	3.0
94	830	831	1	4.242640687119285
95	831	832	1	4.242640687119285
96	832	833	1	3.0
97	833	834	1	3.0
98	834	835	1	3.0
99	835	836	1	3.0
100	836	837	1	4.242640687119285
101	837	838	1	3.0
102	838	839	1	3.0
103	839	840	1	3.0
104	840	841	1	3.0
105	841	842	1	3.0
1	843	844	2	4.242640687119285
2	844	845	2	3.0
3	845	846	2	4.242640687119285
4	846	847	2	4.242640687119285
5	847	848	2	4.242640687119285
6	848	849	2	4.242640687119285
7	849	850	2	4.242640687119285
8	850	851	2	3.0
9	851	852	2	4.242640687119285
10	852	853	2	3.0
11	853	854	2	4.242640687119285
12	854	855	2	4.242640687119285
13	855	856	2	4.242640687119285
14	856	857	2	4.242640687119285
15	857	858	2	4.242640687119285
16	858	859	2	4.242640687119285
17	859	860	2	4.242640687119285
18	860	861	2	4.242640687119285
19	861	862	2	4.242640687119285
20	862	863	2	4.242640687119285
21	863	864	2	4.242640687119285
22	864	865	2	4.242640687119285
23	865	866	2	4.242640687119285
24	866	867	2	3.0
25	867	868	2	3.0
26	868	869	2	3.0
27	869	870	2	3.0
28	870	871	2	3.0
29	871	872	2	3.0
30	872	873	2	3.0
31	873	874	2	4.242640687119285
32	874	875	2	4.242640687119285
33	875	876	2	3.0
34	876	877	2	3.0
1	878	879	1	4.242640687119285
2	879	880	1	3.0
3	880	881	1	3.0
4	881	882	1	3.0
5	882	883	1	3.0
6	883	884	1	4.242640687119285
7	884	885	1	3.0
8	885	886	1	3.0
9	886	887	1	3.0
10	887	888	1	3.0
11	888	889	1	3.0
12	889	890	1	3.0
13	890	891	1	4.242640687119285
14	891	892	1	4.242640687119285
15	892	893	1	3.0
16	893	894	1	3.0
17	894	895	1	3.0
18	895	896	1	4.242640687119285
19	896	897	1	4.242640687119285
20	897	898	1	3.0
21	898	899	1	3.0
22	899	900	1	3.0
23	900	901	1	4.242640687119285
24	901	902	1	4.242640687119285
25	902	903	1	3.0
26	903	904	1	3.0
27	904	905	1	3.0
28	905	906	1	4.242640687119285
29	906	907	1	4.242640687119285
30	907	908	1	3.0
31	908	909	1	3.0
32	909	910	1	3.0
33	910	911	1	3.0
34	911	912	1	4.242640687119285
35	912	913	1	3.0
36	913	914	1	3.0
37	914	915	1	3.0
38	915	916	1	3.0
39	916	917	1	3.0
40	917	918	1	3.0
41	918	919	1	3.0
42	919	920	1	3.0
43	920	921	1	3.0
44	921	922	1	3.0
45	922	923	1	3.0
46	923	924	1	3.0
47	924	925	1	3.0
48	925	926	1	3.0
49	926	927	1	4.242640687119285
50	927	928	1	4.242640687119285
51	928	929	1	3.0
52	929	930	1	3.0
53	930	931	1	3.0
54	931	932	1	3.0
55	932	933	1	3.0
56	933	934	1	3.0
57	934	935	1	4.242640687119285
58	935	936	1	4.242640687119285
59	936	937	1	3.0
60	937	938	1	3.0
61	938	939	1	3.0
62	939	940	1	3.0
63	940	941	1	4.242640687119285
64	941	942	1	4.242640687119285
65	942	943	1	4.242640687119285
66	943	944	1	3.0
67	944	945	1	3.0
68	945	946	1	4.242640687119285
69	946	947	1	4.242640687119285
70	947	948	1	4.242640687119285
71	948	949	1	4.242640687119285
72	949	950	1	3.0
73	950	951	1	3.0
74	951	952	1	4.242640687119285
75	952	953	1	3.0
76	953	954	1	3.0
77	954	955	1	4.242640687119285
78	955	956	1	3.0
79	956	957	1	4.242640687119285
80	957	958	1	3.0
81	958	959	1	3.0
82	959	960	1	3.0
83	960	961	1	3.0
84	961	962	1	3.0
85	962	963	1	3.0
86	963	964	1	3.0
87	964	965	1	3.0
88	965	966	1	3.0
89	966	967	1	3.0
90	967	968	1	3.0
91	968	969	1	3.0
92	969	970	1	3.0
93	970	971	1	4.242640687119285
94	971	972	1	3.0
95	972	973	1	4.242640687119285
96	973	974	1	4.242640687119285
97	974	975	1	3.0
98	975	976	1	4.242640687119285
99	976	977	1	4.242640687119285
100	977	978	1	4.242640687119285
101	978	979	1	4.242640687119285
102	979	980	1	4.242640687119285
103	980	981	1	4.242640687119285
104	981	982	1	4.242640687119285
105	982	983	1	4.242640687119285
106	983	984	1	4.242640687119285
107	984	985	1	4.242640687119285
108	985	986	1	4.242640687119285
109	986	987	1	4.242640687119285
110	987	988	1	4.242640687119285
111	988	989	1	4.242640687119285
112	989	990	1	4.242640687119285
113	990	991	1	4.242640687119285
114	991	992	1	4.242640687119285
115	992	993	1	4.242640687119285
116	993	994	1	4.242640687119285
117	994	995	1	4.242640687119285
118	995	996	1	4.242640687119285
119	996	997	1	4.242640687119285
120	997	998	1	4.242640687119285
121	998	999	1	4.242640687119285
122	999	1000	1	4.242640687119285
123	1000	1001	1	4.242640687119285
124	1001	1002	1	3.0
125	1002	1003	1	4.242640687119285
126	1003	1004	1	3.0
1	1005	1006	1	3.0
2	1006	1007	1	4.242640687119285
3	1007	1008	1	4.242640687119285
4	1008	1009	1	3.0
5	1009	1010	1	3.0
6	1010	1011	1	3.0
7	1011	1012	1	4.242640687119285
8	1012	1013	1	3.0
9	1013	1014	1	4.242640687119285
10	1014	1015	1	4.242640687119285
11	1015	1016	1	4.242640687119285
12	1016	1017	1	3.0
13	1017	1018	1	4.242640687119285
14	1018	1019	1	4.242640687119285
15	1019	1020	1	4.242640687119285
16	1020	1021	1	3.0
17	1021	1022	1	4.242640687119285
18	1022	1023	1	4.242640687119285
19	1023	1024	1	3.0
20	1024	1025	1	4.242640687119285
21	1025	1026	1	4.242640687119285
22	1026	1027	1	4.242640687119285
23	1027	1028	1	4.242640687119285
24	1028	1029	1	4.242640687119285
25	1029	1030	1	3.0
26	1030	1031	1	4.242640687119285
27	1031	1032	1	4.242640687119285
28	1032	1033	1	4.242640687119285
29	1033	1034	1	3.0
30	1034	1035	1	4.242640687119285
31	1035	1036	1	3.0
32	1036	1037	1	3.0
33	1037	1038	1	3.0
34	1038	1039	1	4.242640687119285
35	1039	1040	1	3.0
36	1040	1041	1	3.0
37	1041	1042	1	3.0
38	1042	1043	1	4.242640687119285
39	1043	1044	1	4.242640687119285
40	1044	1045	1	3.0
41	1045	1046	1	3.0
42	1046	1047	1	4.242640687119285
43	1047	1048	1	3.0
44	1048	1049	1	3.0
45	1049	1050	1	3.0
46	1050	1051	1	3.0
47	1051	1052	1	3.0
48	1052	1053	1	3.0
49	1053	1054	1	4.242640687119285
50	1054	1055	1	3.0
51	1055	1056	1	3.0
52	1056	1057	1	3.0
53	1057	1058	1	3.0
54	1058	1059	1	3.0
55	1059	1060	1	3.0
56	1060	1061	1	3.0
57	1061	1062	1	3.0
58	1062	1063	1	3.0
59	1063	1064	1	3.0
60	1064	1065	1	3.0
61	1065	1066	1	3.0
62	1066	1067	1	3.0
63	1067	1068	1	3.0
64	1068	1069	1	3.0
65	1069	1070	1	3.0
66	1070	1071	1	3.0
67	1071	1072	1	3.0
68	1072	1073	1	3.0
69	1073	1074	1	3.0
70	1074	1075	1	3.0
71	1075	1076	1	3.0
72	1076	1077	1	4.242640687119285
73	1077	1078	1	4.242640687119285
74	1078	1079	1	4.242640687119285
75	1079	1080	1	4.242640687119285
76	1080	1081	1	3.0
77	1081	1082	1	3.0
78	1082	1083	1	4.242640687119285
79	1083	1084	1	4.242640687119285
80	1084	1085	1	3.0
81	1085	1086	1	4.242640687119285
82	1086	1087	1	4.242640687119285
83	1087	1088	1	4.242640687119285
84	1088	1089	1	4.242640687119285
85	1089	1090	1	3.0
86	1090	1091	1	4.242640687119285
87	1091	1092	1	4.242640687119285
88	1092	1093	1	4.242640687119285
89	1093	1094	1	3.0
90	1094	1095	1	3.0
91	1095	1096	1	3.0
92	1096	1097	1	3.0
93	1097	1098	1	3.0
94	1098	1099	1	4.242640687119285
95	1099	1100	1	4.242640687119285
96	1100	1101	1	4.242640687119285
97	1101	1102	1	4.242640687119285
98	1102	1103	1	4.242640687119285
99	1103	1104	1	4.242640687119285
100	1104	1105	1	4.242640687119285
101	1105	1106	1	4.242640687119285
102	1106	1107	1	4.242640687119285
103	1107	1108	1	4.242640687119285
104	1108	1109	1	4.242640687119285
105	1109	1110	1	4.242640687119285
106	1110	1111	1	3.0
107	1111	1112	1	4.242640687119285
108	1112	1113	1	4.242640687119285
109	1113	1114	1	4.242640687119285
110	1114	1115	1	4.242640687119285
111	1115	1116	1	4.242640687119285
112	1116	1117	1	4.242640687119285
113	1117	1118	1	4.242640687119285
114	1118	1119	1	4.242640687119285
115	1119	1120	1	4.242640687119285
116	1120	1121	1	3.0
117	1121	1122	1	4.242640687119285
118	1122	1123	1	4.242640687119285
119	1123	1124	1	3.0
1	1125	1126	1	3.0
2	1126	1127	1	3.0
3	1127	1128	1	3.0
4	1128	1129	1	4.242640687119285
5	1129	1130	1	3.0
6	1130	1131	1	3.0
7	1131	1132	1	3.0
8	1132	1133	1	3.0
9	1133	1134	1	4.242640687119285
10	1134	1135	1	4.242640687119285
11	1135	1136	1	3.0
12	1136	1137	1	3.0
13	1137	1138	1	3.0
14	1138	1139	1	3.0
15	1139	1140	1	3.0
16	1140	1141	1	3.0
17	1141	1142	1	3.0
18	1142	1143	1	3.0
19	1143	1144	1	4.242640687119285
20	1144	1145	1	3.0
21	1145	1146	1	3.0
22	1146	1147	1	3.0
23	1147	1148	1	3.0
24	1148	1149	1	3.0
25	1149	1150	1	4.242640687119285
26	1150	1151	1	4.242640687119285
27	1151	1152	1	3.0
28	1152	1153	1	4.242640687119285
29	1153	1154	1	3.0
30	1154	1155	1	4.242640687119285
31	1155	1156	1	4.242640687119285
32	1156	1157	1	4.242640687119285
33	1157	1158	1	4.242640687119285
34	1158	1159	1	4.242640687119285
1	1160	1161	1	3.0
2	1161	1162	1	3.0
3	1162	1163	1	3.0
4	1163	1164	1	3.0
5	1164	1165	1	3.0
6	1165	1166	1	4.242640687119285
7	1166	1167	1	4.242640687119285
8	1167	1168	1	3.0
9	1168	1169	1	4.242640687119285
10	1169	1170	1	4.242640687119285
11	1170	1171	1	3.0
1	1172	1173	2	3.0
2	1173	1174	2	3.0
3	1174	1175	2	3.0
4	1175	1176	2	3.0
5	1176	1177	2	4.242640687119285
6	1177	1178	2	4.242640687119285
7	1178	1179	2	4.242640687119285
8	1179	1180	2	4.242640687119285
9	1180	1181	2	4.242640687119285
10	1181	1182	2	4.242640687119285
11	1182	1183	2	4.242640687119285
12	1183	1184	2	4.242640687119285
13	1184	1185	2	4.242640687119285
14	1185	1186	2	4.242640687119285
15	1186	1187	2	4.242640687119285
16	1187	1188	2	4.242640687119285
17	1188	1189	2	4.242640687119285
18	1189	1190	2	4.242640687119285
19	1190	1191	2	4.242640687119285
20	1191	1192	2	3.0
21	1192	1193	2	3.0
22	1193	1194	2	3.0
23	1194	1195	2	3.0
24	1195	1196	2	4.242640687119285
25	1196	1197	2	4.242640687119285
26	1197	1198	2	4.242640687119285
27	1198	1199	2	4.242640687119285
28	1199	1200	2	4.242640687119285
29	1200	1201	2	3.0
30	1201	1202	2	4.242640687119285
31	1202	1203	2	4.242640687119285
32	1203	1204	2	3.0
1	1205	1206	2	4.242640687119285
2	1206	1207	2	4.242640687119285
3	1207	1208	2	3.0
4	1208	1209	2	3.0
5	1209	1210	2	4.242640687119285
6	1210	1211	2	3.0
7	1211	1212	2	3.0
8	1212	1213	2	3.0
9	1213	1214	2	3.0
10	1214	1215	2	3.0
11	1215	1216	2	4.242640687119285
12	1216	1217	2	3.0
13	1217	1218	2	3.0
14	1218	1219	2	4.242640687119285
15	1219	1220	2	4.242640687119285
16	1220	1221	2	4.242640687119285
17	1221	1222	2	4.242640687119285
18	1222	1223	2	4.242640687119285
19	1223	1224	2	4.242640687119285
20	1224	1225	2	4.242640687119285
21	1225	1226	2	4.242640687119285
22	1226	1227	2	4.242640687119285
23	1227	1228	2	4.242640687119285
24	1228	1229	2	3.0
25	1229	1230	2	4.242640687119285
26	1230	1231	2	3.0
27	1231	1232	2	4.242640687119285
28	1232	1233	2	4.242640687119285
29	1233	1234	2	3.0
30	1234	1235	2	4.242640687119285
31	1235	1236	2	4.242640687119285
32	1236	1237	2	4.242640687119285
33	1237	1238	2	4.242640687119285
34	1238	1239	2	4.242640687119285
35	1239	1240	2	3.0
36	1240	1241	2	4.242640687119285
37	1241	1242	2	4.242640687119285
38	1242	1243	2	4.242640687119285
39	1243	1244	2	3.0
40	1244	1245	2	3.0
41	1245	1246	2	4.242640687119285
42	1246	1247	2	4.242640687119285
43	1247	1248	2	3.0
44	1248	1249	2	3.0
45	1249	1250	2	4.242640687119285
46	1250	1251	2	4.242640687119285
47	1251	1252	2	3.0
48	1252	1253	2	3.0
49	1253	1254	2	4.242640687119285
50	1254	1255	2	4.242640687119285
51	1255	1256	2	3.0
52	1256	1257	2	4.242640687119285
53	1257	1258	2	3.0
54	1258	1259	2	3.0
55	1259	1260	2	3.0
56	1260	1261	2	3.0
57	1261	1262	2	3.0
58	1262	1263	2	3.0
59	1263	1264	2	3.0
60	1264	1265	2	3.0
61	1265	1266	2	3.0
62	1266	1267	2	3.0
63	1267	1268	2	3.0
64	1268	1269	2	3.0
65	1269	1270	2	3.0
66	1270	1271	2	3.0
67	1271	1272	2	4.242640687119285
68	1272	1273	2	3.0
69	1273	1274	2	3.0
70	1274	1275	2	3.0
71	1275	1276	2	4.242640687119285
72	1276	1277	2	3.0
73	1277	1278	2	3.0
74	1278	1279	2	3.0
75	1279	1280	2	3.0
76	1280	1281	2	4.242640687119285
77	1281	1282	2	3.0
78	1282	1283	2	3.0
79	1283	1284	2	3.0
80	1284	1285	2	4.242640687119285
81	1285	1286	2	4.242640687119285
1	1287	1288	1	3.0
2	1288	1289	1	4.242640687119285
3	1289	1290	1	3.0
4	1290	1291	1	4.242640687119285
5	1291	1292	1	4.242640687119285
6	1292	1293	1	3.0
7	1293	1294	1	3.0
8	1294	1295	1	3.0
9	1295	1296	1	4.242640687119285
10	1296	1297	1	4.242640687119285
11	1297	1298	1	4.242640687119285
12	1298	1299	1	4.242640687119285
13	1299	1300	1	4.242640687119285
14	1300	1301	1	4.242640687119285
15	1301	1302	1	4.242640687119285
16	1302	1303	1	4.242640687119285
17	1303	1304	1	4.242640687119285
18	1304	1305	1	4.242640687119285
19	1305	1306	1	4.242640687119285
20	1306	1307	1	4.242640687119285
21	1307	1308	1	4.242640687119285
22	1308	1309	1	4.242640687119285
23	1309	1310	1	4.242640687119285
24	1310	1311	1	4.242640687119285
25	1311	1312	1	4.242640687119285
26	1312	1313	1	4.242640687119285
27	1313	1314	1	3.0
28	1314	1315	1	3.0
29	1315	1316	1	3.0
30	1316	1317	1	3.0
1	1318	1319	2	4.242640687119285
2	1319	1320	2	4.242640687119285
3	1320	1321	2	4.242640687119285
4	1321	1322	2	4.242640687119285
5	1322	1323	2	4.242640687119285
6	1323	1324	2	4.242640687119285
7	1324	1325	2	4.242640687119285
8	1325	1326	2	4.242640687119285
9	1326	1327	2	4.242640687119285
10	1327	1328	2	4.242640687119285
11	1328	1329	2	4.242640687119285
12	1329	1330	2	4.242640687119285
13	1330	1331	2	4.242640687119285
14	1331	1332	2	4.242640687119285
15	1332	1333	2	4.242640687119285
16	1333	1334	2	4.242640687119285
17	1334	1335	2	4.242640687119285
18	1335	1336	2	4.242640687119285
19	1336	1337	2	4.242640687119285
20	1337	1338	2	4.242640687119285
21	1338	1339	2	4.242640687119285
22	1339	1340	2	4.242640687119285
23	1340	1341	2	3.0
24	1341	1342	2	4.242640687119285
25	1342	1343	2	3.0
1	1344	1345	2	4.242640687119285
2	1345	1346	2	3.0
3	1346	1347	2	3.0
4	1347	1348	2	3.0
5	1348	1349	2	4.242640687119285
6	1349	1350	2	4.242640687119285
7	1350	1351	2	4.242640687119285
8	1351	1352	2	4.242640687119285
9	1352	1353	2	4.242640687119285
10	1353	1354	2	4.242640687119285
11	1354	1355	2	4.242640687119285
12	1355	1356	2	4.242640687119285
13	1356	1357	2	4.242640687119285
14	1357	1358	2	4.242640687119285
15	1358	1359	2	4.242640687119285
16	1359	1360	2	4.242640687119285
17	1360	1361	2	4.242640687119285
18	1361	1362	2	4.242640687119285
19	1362	1363	2	4.242640687119285
20	1363	1364	2	4.242640687119285
21	1364	1365	2	3.0
22	1365	1366	2	4.242640687119285
23	1366	1367	2	3.0
24	1367	1368	2	4.242640687119285
25	1368	1369	2	4.242640687119285
26	1369	1370	2	3.0
27	1370	1371	2	4.242640687119285
28	1371	1372	2	4.242640687119285
29	1372	1373	2	4.242640687119285
30	1373	1374	2	4.242640687119285
31	1374	1375	2	3.0
32	1375	1376	2	4.242640687119285
33	1376	1377	2	4.242640687119285
34	1377	1378	2	3.0
35	1378	1379	2	4.242640687119285
36	1379	1380	2	3.0
37	1380	1381	2	4.242640687119285
38	1381	1382	2	4.242640687119285
39	1382	1383	2	4.242640687119285
40	1383	1384	2	3.0
41	1384	1385	2	4.242640687119285
42	1385	1386	2	4.242640687119285
43	1386	1387	2	4.242640687119285
1	1388	1389	3	3.0
2	1389	1390	3	4.242640687119285
3	1390	1391	3	3.0
4	1391	1392	3	3.0
5	1392	1393	3	4.242640687119285
6	1393	1394	3	3.0
7	1394	1395	3	3.0
8	1395	1396	3	3.0
9	1396	1397	3	3.0
10	1397	1398	3	3.0
11	1398	1399	3	4.242640687119285
12	1399	1400	3	3.0
13	1400	1401	3	3.0
14	1401	1402	3	3.0
15	1402	1403	3	3.0
16	1403	1404	3	3.0
17	1404	1405	3	3.0
18	1405	1406	3	3.0
19	1406	1407	3	3.0
20	1407	1408	3	3.0
21	1408	1409	3	3.0
22	1409	1410	3	3.0
23	1410	1411	3	3.0
24	1411	1412	3	3.0
25	1412	1413	3	3.0
26	1413	1414	3	3.0
27	1414	1415	3	3.0
28	1415	1416	3	3.0
29	1416	1417	3	4.242640687119285
30	1417	1418	3	4.242640687119285
31	1418	1419	3	3.0
32	1419	1420	3	3.0
33	1420	1421	3	3.0
34	1421	1422	3	3.0
35	1422	1423	3	3.0
36	1423	1424	3	3.0
37	1424	1425	3	3.0
38	1425	1426	3	4.242640687119285
39	1426	1427	3	4.242640687119285
40	1427	1428	3	3.0
41	1428	1429	3	4.242640687119285
42	1429	1430	3	4.242640687119285
43	1430	1431	3	4.242640687119285
44	1431	1432	3	3.0
45	1432	1433	3	3.0
46	1433	1434	3	3.0
47	1434	1435	3	3.0
48	1435	1436	3	4.242640687119285
49	1436	1437	3	3.0
50	1437	1438	3	3.0
51	1438	1439	3	4.242640687119285
52	1439	1440	3	3.0
53	1440	1441	3	3.0
54	1441	1442	3	3.0
55	1442	1443	3	3.0
56	1443	1444	3	3.0
57	1444	1445	3	4.242640687119285
58	1445	1446	3	3.0
59	1446	1447	3	3.0
60	1447	1448	3	3.0
1	1449	1450	1	3.0
2	1450	1451	1	4.242640687119285
3	1451	1452	1	4.242640687119285
4	1452	1453	1	4.242640687119285
5	1453	1454	1	4.242640687119285
6	1454	1455	1	4.242640687119285
7	1455	1456	1	3.0
8	1456	1457	1	3.0
9	1457	1458	1	3.0
10	1458	1459	1	3.0
11	1459	1460	1	3.0
12	1460	1461	1	3.0
13	1461	1462	1	3.0
14	1462	1463	1	3.0
15	1463	1464	1	3.0
16	1464	1465	1	3.0
17	1465	1466	1	3.0
18	1466	1467	1	3.0
19	1467	1468	1	3.0
20	1468	1469	1	3.0
21	1469	1470	1	3.0
22	1470	1471	1	3.0
23	1471	1472	1	3.0
24	1472	1473	1	4.242640687119285
25	1473	1474	1	3.0
26	1474	1475	1	4.242640687119285
27	1475	1476	1	3.0
28	1476	1477	1	4.242640687119285
29	1477	1478	1	3.0
30	1478	1479	1	3.0
31	1479	1480	1	4.242640687119285
32	1480	1481	1	3.0
33	1481	1482	1	3.0
34	1482	1483	1	4.242640687119285
35	1483	1484	1	3.0
36	1484	1485	1	3.0
37	1485	1486	1	4.242640687119285
38	1486	1487	1	3.0
39	1487	1488	1	3.0
40	1488	1489	1	4.242640687119285
41	1489	1490	1	3.0
42	1490	1491	1	3.0
43	1491	1492	1	3.0
44	1492	1493	1	4.242640687119285
45	1493	1494	1	3.0
46	1494	1495	1	3.0
47	1495	1496	1	3.0
48	1496	1497	1	4.242640687119285
49	1497	1498	1	3.0
50	1498	1499	1	4.242640687119285
51	1499	1500	1	3.0
52	1500	1501	1	3.0
1	1502	1503	1	4.242640687119285
2	1503	1504	1	4.242640687119285
3	1504	1505	1	4.242640687119285
4	1505	1506	1	4.242640687119285
5	1506	1507	1	4.242640687119285
6	1507	1508	1	4.242640687119285
7	1508	1509	1	3.0
8	1509	1510	1	4.242640687119285
9	1510	1511	1	3.0
10	1511	1512	1	4.242640687119285
11	1512	1513	1	4.242640687119285
12	1513	1514	1	4.242640687119285
13	1514	1515	1	4.242640687119285
14	1515	1516	1	4.242640687119285
15	1516	1517	1	3.0
16	1517	1518	1	4.242640687119285
17	1518	1519	1	4.242640687119285
18	1519	1520	1	4.242640687119285
19	1520	1521	1	4.242640687119285
20	1521	1522	1	4.242640687119285
21	1522	1523	1	4.242640687119285
22	1523	1524	1	3.0
23	1524	1525	1	4.242640687119285
24	1525	1526	1	3.0
25	1526	1527	1	4.242640687119285
26	1527	1528	1	4.242640687119285
27	1528	1529	1	4.242640687119285
28	1529	1530	1	4.242640687119285
29	1530	1531	1	4.242640687119285
30	1531	1532	1	4.242640687119285
31	1532	1533	1	4.242640687119285
32	1533	1534	1	4.242640687119285
33	1534	1535	1	4.242640687119285
34	1535	1536	1	3.0
35	1536	1537	1	4.242640687119285
36	1537	1538	1	4.242640687119285
37	1538	1539	1	3.0
38	1539	1540	1	4.242640687119285
39	1540	1541	1	4.242640687119285
40	1541	1542	1	3.0
41	1542	1543	1	4.242640687119285
42	1543	1544	1	4.242640687119285
1	1545	1546	2	4.242640687119285
2	1546	1547	2	4.242640687119285
3	1547	1548	2	4.242640687119285
4	1548	1549	2	4.242640687119285
5	1549	1550	2	3.0
6	1550	1551	2	4.242640687119285
7	1551	1552	2	3.0
8	1552	1553	2	4.242640687119285
9	1553	1554	2	4.242640687119285
10	1554	1555	2	4.242640687119285
11	1555	1556	2	4.242640687119285
12	1556	1557	2	4.242640687119285
13	1557	1558	2	4.242640687119285
14	1558	1559	2	4.242640687119285
15	1559	1560	2	4.242640687119285
16	1560	1561	2	4.242640687119285
17	1561	1562	2	4.242640687119285
18	1562	1563	2	4.242640687119285
19	1563	1564	2	4.242640687119285
20	1564	1565	2	4.242640687119285
21	1565	1566	2	3.0
22	1566	1567	2	3.0
23	1567	1568	2	3.0
24	1568	1569	2	3.0
25	1569	1570	2	3.0
26	1570	1571	2	3.0
27	1571	1572	2	3.0
28	1572	1573	2	3.0
29	1573	1574	2	3.0
30	1574	1575	2	3.0
31	1575	1576	2	3.0
32	1576	1577	2	3.0
33	1577	1578	2	3.0
34	1578	1579	2	3.0
35	1579	1580	2	3.0
36	1580	1581	2	4.242640687119285
37	1581	1582	2	3.0
38	1582	1583	2	4.242640687119285
39	1583	1584	2	3.0
40	1584	1585	2	4.242640687119285
41	1585	1586	2	3.0
42	1586	1587	2	4.242640687119285
43	1587	1588	2	3.0
44	1588	1589	2	3.0
45	1589	1590	2	3.0
46	1590	1591	2	3.0
47	1591	1592	2	3.0
48	1592	1593	2	3.0
49	1593	1594	2	3.0
50	1594	1595	2	3.0
51	1595	1596	2	3.0
52	1596	1597	2	3.0
53	1597	1598	2	3.0
54	1598	1599	2	3.0
55	1599	1600	2	3.0
56	1600	1601	2	4.242640687119285
57	1601	1602	2	4.242640687119285
58	1602	1603	2	4.242640687119285
59	1603	1604	2	4.242640687119285
60	1604	1605	2	4.242640687119285
61	1605	1606	2	3.0
62	1606	1607	2	3.0
63	1607	1608	2	3.0
64	1608	1609	2	3.0
65	1609	1610	2	3.0
66	1610	1611	2	3.0
67	1611	1612	2	3.0
68	1612	1613	2	3.0
69	1613	1614	2	3.0
70	1614	1615	2	3.0
71	1615	1616	2	3.0
72	1616	1617	2	3.0
73	1617	1618	2	3.0
74	1618	1619	2	3.0
75	1619	1620	2	3.0
76	1620	1621	2	3.0
77	1621	1622	2	3.0
78	1622	1623	2	4.242640687119285
79	1623	1624	2	3.0
80	1624	1625	2	3.0
81	1625	1626	2	3.0
82	1626	1627	2	4.242640687119285
83	1627	1628	2	4.242640687119285
84	1628	1629	2	4.242640687119285
85	1629	1630	2	4.242640687119285
86	1630	1631	2	4.242640687119285
87	1631	1632	2	4.242640687119285
88	1632	1633	2	4.242640687119285
89	1633	1634	2	4.242640687119285
90	1634	1635	2	3.0
91	1635	1636	2	3.0
92	1636	1637	2	3.0
93	1637	1638	2	3.0
94	1638	1639	2	3.0
95	1639	1640	2	4.242640687119285
96	1640	1641	2	4.242640687119285
97	1641	1642	2	4.242640687119285
98	1642	1643	2	4.242640687119285
99	1643	1644	2	4.242640687119285
100	1644	1645	2	4.242640687119285
101	1645	1646	2	3.0
102	1646	1647	2	4.242640687119285
1	1648	1649	3	3.0
2	1649	1650	3	3.0
3	1650	1651	3	4.242640687119285
4	1651	1652	3	3.0
5	1652	1653	3	3.0
6	1653	1654	3	3.0
7	1654	1655	3	3.0
8	1655	1656	3	4.242640687119285
9	1656	1657	3	3.0
10	1657	1658	3	3.0
11	1658	1659	3	3.0
12	1659	1660	3	3.0
13	1660	1661	3	3.0
14	1661	1662	3	3.0
15	1662	1663	3	3.0
16	1663	1664	3	3.0
17	1664	1665	3	3.0
18	1665	1666	3	3.0
19	1666	1667	3	3.0
20	1667	1668	3	3.0
21	1668	1669	3	3.0
22	1669	1670	3	3.0
23	1670	1671	3	3.0
24	1671	1672	3	3.0
25	1672	1673	3	3.0
26	1673	1674	3	4.242640687119285
27	1674	1675	3	3.0
28	1675	1676	3	3.0
29	1676	1677	3	4.242640687119285
30	1677	1678	3	3.0
31	1678	1679	3	3.0
32	1679	1680	3	3.0
33	1680	1681	3	4.242640687119285
34	1681	1682	3	4.242640687119285
35	1682	1683	3	4.242640687119285
36	1683	1684	3	4.242640687119285
37	1684	1685	3	4.242640687119285
38	1685	1686	3	4.242640687119285
39	1686	1687	3	4.242640687119285
40	1687	1688	3	4.242640687119285
41	1688	1689	3	4.242640687119285
42	1689	1690	3	3.0
43	1690	1691	3	4.242640687119285
44	1691	1692	3	3.0
45	1692	1693	3	4.242640687119285
46	1693	1694	3	4.242640687119285
47	1694	1695	3	3.0
48	1695	1696	3	4.242640687119285
49	1696	1697	3	4.242640687119285
50	1697	1698	3	3.0
51	1698	1699	3	3.0
52	1699	1700	3	3.0
53	1700	1701	3	3.0
54	1701	1702	3	3.0
55	1702	1703	3	4.242640687119285
56	1703	1704	3	3.0
57	1704	1705	3	3.0
58	1705	1706	3	3.0
59	1706	1707	3	3.0
60	1707	1708	3	3.0
61	1708	1709	3	3.0
62	1709	1710	3	4.242640687119285
63	1710	1711	3	3.0
64	1711	1712	3	3.0
65	1712	1713	3	3.0
66	1713	1714	3	3.0
67	1714	1715	3	4.242640687119285
68	1715	1716	3	4.242640687119285
69	1716	1717	3	3.0
70	1717	1718	3	4.242640687119285
71	1718	1719	3	4.242640687119285
72	1719	1720	3	3.0
73	1720	1721	3	4.242640687119285
74	1721	1722	3	4.242640687119285
75	1722	1723	3	4.242640687119285
76	1723	1724	3	4.242640687119285
77	1724	1725	3	4.242640687119285
78	1725	1726	3	4.242640687119285
79	1726	1727	3	3.0
80	1727	1728	3	4.242640687119285
81	1728	1729	3	4.242640687119285
82	1729	1730	3	4.242640687119285
83	1730	1731	3	4.242640687119285
84	1731	1732	3	4.242640687119285
85	1732	1733	3	3.0
86	1733	1734	3	3.0
87	1734	1735	3	3.0
88	1735	1736	3	3.0
89	1736	1737	3	4.242640687119285
1	1738	1739	3	4.242640687119285
