1739
ND_ID	ND_FRMNO	ND_TYPE	ND_XC	ND_YC	ND_DSID	ND_USID	ND_US2ID	ND_CSID	ND_RSID	ND_STID
1	1	0	716666.897	4475720.33	2	-1	-1	1	-1	1
2	2	6	716666.897	4475717.33	3	1	-1	2	-1	1
3	3	6	716663.897	4475714.33	4	2	-1	3	-1	1
4	4	6	716663.897	4475711.33	5	3	-1	4	-1	1
5	5	6	716660.897	4475708.33	6	4	-1	5	-1	1
6	6	6	716660.897	4475705.33	7	5	-1	6	-1	1
7	7	6	716660.897	4475702.33	8	6	-1	7	-1	1
8	8	6	716660.897	4475699.33	9	7	-1	8	-1	1
9	9	6	716657.897	4475696.33	10	8	-1	9	-1	1
10	10	6	716657.897	4475693.33	11	9	-1	10	-1	1
11	11	6	716657.897	4475690.33	12	10	-1	11	-1	1
12	12	6	716654.897	4475687.33	13	11	-1	12	-1	1
13	13	6	716654.897	4475684.33	14	12	-1	13	-1	1
14	14	6	716651.897	4475681.33	15	13	-1	14	-1	1
15	15	6	716651.897	4475678.33	16	14	-1	15	-1	1
16	16	6	716648.897	4475675.33	17	15	-1	16	-1	1
17	17	6	716645.897	4475672.33	18	16	-1	17	-1	1
18	18	6	716645.897	4475669.33	19	17	-1	18	-1	1
19	19	6	716645.897	4475666.33	20	18	-1	19	-1	1
20	20	6	716642.897	4475663.33	21	19	-1	20	-1	1
21	21	6	716639.897	4475660.33	22	20	-1	21	-1	1
22	22	6	716636.897	4475657.33	23	21	-1	22	-1	1
23	23	6	716636.897	4475654.33	24	22	-1	23	-1	1
24	24	6	716633.897	4475651.33	25	23	-1	24	-1	1
25	25	6	716630.897	4475648.33	26	24	-1	25	-1	1
26	26	6	716627.897	4475645.33	27	25	-1	26	-1	1
27	27	6	716627.897	4475642.33	28	26	-1	27	-1	1
28	28	6	716627.897	4475639.33	29	27	-1	28	-1	1
29	29	6	716627.897	4475636.33	30	28	-1	29	-1	1
30	30	6	716627.897	4475633.33	31	29	-1	30	-1	1
31	31	6	716627.897	4475630.33	32	30	-1	31	-1	1
32	32	6	716627.897	4475627.33	33	31	-1	32	-1	1
33	33	6	716627.897	4475624.33	34	32	-1	33	-1	1
34	34	6	716627.897	4475621.33	35	33	-1	34	-1	1
35	35	6	716627.897	4475618.33	36	34	-1	35	-1	1
36	36	6	716627.897	4475615.33	37	35	-1	36	-1	1
37	37	6	716627.897	4475612.33	38	36	-1	37	-1	1
38	38	6	716627.897	4475609.33	39	37	-1	38	-1	1
39	39	6	716627.897	4475606.33	40	38	-1	39	-1	1
40	40	6	716624.897	4475603.33	41	39	-1	40	-1	1
41	41	6	716624.897	4475600.33	42	40	-1	41	-1	1
42	42	6	716624.897	4475597.33	43	41	-1	42	-1	1
43	43	6	716621.897	4475594.33	44	42	-1	43	-1	1
44	44	6	716621.897	4475591.33	45	43	-1	44	-1	1
45	45	6	716621.897	4475588.33	46	44	-1	45	-1	1
46	46	6	716621.897	4475585.33	47	45	-1	46	-1	1
47	47	6	716621.897	4475582.33	48	46	-1	47	-1	1
48	48	6	716621.897	4475579.33	49	47	-1	48	-1	1
49	49	6	716621.897	4475576.33	50	48	-1	49	-1	1
50	50	6	716621.897	4475573.33	51	49	-1	50	-1	1
51	51	6	716621.897	4475570.33	52	50	-1	51	-1	1
52	52	6	716624.897	4475567.33	53	51	-1	52	-1	1
53	53	6	716627.897	4475564.33	54	52	-1	53	-1	1
54	54	6	716627.897	4475561.33	55	53	-1	54	-1	1
55	55	6	716630.897	4475558.33	56	54	-1	55	-1	1
56	56	6	716630.897	4475555.33	57	55	-1	56	-1	1
57	57	6	716633.897	4475552.33	58	56	-1	57	-1	1
58	58	6	716636.897	4475552.33	59	57	-1	58	-1	1
59	59	6	716639.897	4475549.33	60	58	-1	59	-1	1
60	60	6	716642.897	4475546.33	61	59	-1	60	-1	1
61	61	6	716645.897	4475543.33	62	60	-1	61	-1	1
62	62	6	716648.897	4475543.33	63	61	-1	62	-1	1
63	63	3	716651.897	4475543.33	420	62	-1	63	-1	1
64	64	0	716438.897	4475714.33	65	-1	-1	64	-1	1
65	65	6	716438.897	4475711.33	66	64	-1	65	-1	1
66	66	6	716438.897	4475708.33	67	65	-1	66	-1	1
67	67	6	716438.897	4475705.33	68	66	-1	67	-1	1
68	68	6	716438.897	4475702.33	69	67	-1	68	-1	1
69	69	6	716438.897	4475699.33	70	68	-1	69	-1	1
70	70	6	716441.897	4475696.33	71	69	-1	70	-1	1
71	71	6	716441.897	4475693.33	72	70	-1	71	-1	1
72	72	6	716441.897	4475690.33	73	71	-1	72	-1	1
73	73	6	716441.897	4475687.33	74	72	-1	73	-1	1
74	74	6	716441.897	4475684.33	75	73	-1	74	-1	1
75	75	6	716441.897	4475681.33	76	74	-1	75	-1	1
76	76	6	716441.897	4475678.33	77	75	-1	76	-1	1
77	77	6	716444.897	4475675.33	78	76	-1	77	-1	1
78	78	6	716444.897	4475672.33	79	77	-1	78	-1	1
79	79	6	716447.897	4475669.33	80	78	-1	79	-1	1
80	80	6	716447.897	4475666.33	81	79	-1	80	-1	1
81	81	6	716450.897	4475663.33	82	80	-1	81	-1	1
82	82	6	716450.897	4475660.33	83	81	-1	82	-1	1
83	83	6	716450.897	4475657.33	84	82	-1	83	-1	1
84	84	6	716450.897	4475654.33	85	83	-1	84	-1	1
85	85	6	716453.897	4475651.33	86	84	-1	85	-1	1
86	86	6	716453.897	4475648.33	87	85	-1	86	-1	1
87	87	6	716456.897	4475645.33	88	86	-1	87	-1	1
88	88	6	716459.897	4475642.33	89	87	-1	88	-1	1
89	89	6	716459.897	4475639.33	90	88	-1	89	-1	1
90	90	6	716459.897	4475636.33	91	89	-1	90	-1	1
91	91	6	716462.897	4475633.33	92	90	-1	91	-1	1
92	92	6	716462.897	4475630.33	93	91	-1	92	-1	1
93	93	6	716465.897	4475627.33	94	92	-1	93	-1	1
94	94	6	716468.897	4475624.33	95	93	-1	94	-1	1
95	95	6	716471.897	4475621.33	96	94	-1	95	-1	1
96	96	6	716471.897	4475618.33	97	95	-1	96	-1	1
97	97	6	716471.897	4475615.33	98	96	-1	97	-1	1
98	98	6	716471.897	4475612.33	99	97	-1	98	-1	1
99	99	6	716471.897	4475609.33	100	98	-1	99	-1	1
100	100	6	716474.897	4475606.33	101	99	-1	100	-1	1
101	101	6	716477.897	4475603.33	102	100	-1	101	-1	1
102	102	6	716480.897	4475600.33	103	101	-1	102	-1	1
103	103	6	716483.897	4475597.33	104	102	-1	103	-1	1
104	104	6	716486.897	4475594.33	105	103	-1	104	-1	1
105	105	6	716486.897	4475591.33	106	104	-1	105	-1	1
106	106	6	716489.897	4475588.33	107	105	-1	106	-1	1
107	107	6	716489.897	4475585.33	108	106	-1	107	-1	1
108	108	6	716492.897	4475582.33	109	107	-1	108	-1	1
109	109	6	716495.897	4475579.33	110	108	-1	109	-1	1
110	110	6	716495.897	4475576.33	111	109	-1	110	-1	1
111	111	6	716498.897	4475573.33	112	110	-1	111	-1	1
112	112	6	716501.897	4475570.33	113	111	-1	112	-1	1
113	113	6	716504.897	4475567.33	114	112	-1	113	-1	1
114	114	6	716507.897	4475564.33	115	113	-1	114	-1	1
115	115	6	716510.897	4475561.33	116	114	-1	115	-1	1
116	116	6	716513.897	4475558.33	117	115	-1	116	-1	1
117	117	6	716516.897	4475555.33	118	116	-1	117	-1	1
118	118	6	716519.897	4475552.33	119	117	-1	118	-1	1
119	119	6	716522.897	4475549.33	120	118	-1	119	-1	1
120	120	6	716525.897	4475546.33	121	119	-1	120	-1	1
121	121	6	716528.897	4475543.33	122	120	-1	121	-1	1
122	122	6	716531.897	4475540.33	123	121	-1	122	-1	1
123	123	6	716534.897	4475537.33	124	122	-1	123	-1	1
124	124	6	716537.897	4475534.33	125	123	-1	124	-1	1
125	125	6	716540.897	4475531.33	126	124	-1	125	-1	1
126	126	6	716543.897	4475528.33	127	125	-1	126	-1	1
127	127	6	716546.897	4475525.33	128	126	-1	127	-1	1
128	128	3	716549.897	4475522.33	324	127	-1	128	-1	1
129	129	0	716048.897	4475615.33	130	-1	-1	129	-1	1
130	130	6	716051.897	4475615.33	131	129	-1	130	-1	1
131	131	6	716054.897	4475615.33	132	130	-1	131	-1	1
132	132	6	716057.897	4475615.33	133	131	-1	132	-1	1
133	133	6	716060.897	4475612.33	134	132	-1	133	-1	1
134	134	6	716063.897	4475612.33	135	133	-1	134	-1	1
135	135	6	716066.897	4475612.33	136	134	-1	135	-1	1
136	136	6	716069.897	4475609.33	137	135	-1	136	-1	1
137	137	6	716072.897	4475609.33	138	136	-1	137	-1	1
138	138	6	716075.897	4475609.33	139	137	-1	138	-1	1
139	139	6	716078.897	4475609.33	140	138	-1	139	-1	1
140	140	6	716081.897	4475609.33	141	139	-1	140	-1	1
141	141	6	716084.897	4475606.33	142	140	-1	141	-1	1
142	142	6	716087.897	4475606.33	143	141	-1	142	-1	1
143	143	6	716090.897	4475603.33	144	142	-1	143	-1	1
144	144	6	716093.897	4475600.33	145	143	-1	144	-1	1
145	145	6	716096.897	4475597.33	146	144	-1	145	-1	1
146	146	6	716099.897	4475594.33	147	145	-1	146	-1	1
147	147	6	716102.897	4475591.33	148	146	-1	147	-1	1
148	148	6	716105.897	4475588.33	149	147	-1	148	-1	1
149	149	6	716108.897	4475585.33	150	148	-1	149	-1	1
150	150	6	716111.897	4475582.33	151	149	-1	150	-1	1
151	151	6	716114.897	4475582.33	152	150	-1	151	-1	1
152	152	6	716117.897	4475582.33	153	151	-1	152	-1	1
153	153	6	716120.897	4475579.33	154	152	-1	153	-1	1
154	154	6	716123.897	4475576.33	155	153	-1	154	-1	1
155	155	6	716126.897	4475573.33	156	154	-1	155	-1	1
156	156	6	716129.897	4475570.33	157	155	-1	156	-1	1
157	157	6	716132.897	4475567.33	158	156	-1	157	-1	1
158	158	6	716132.897	4475564.33	159	157	-1	158	-1	1
159	159	6	716132.897	4475561.33	160	158	-1	159	-1	1
160	160	6	716132.897	4475558.33	161	159	-1	160	-1	1
161	161	6	716132.897	4475555.33	162	160	-1	161	-1	1
162	162	6	716132.897	4475552.33	163	161	-1	162	-1	1
163	163	6	716132.897	4475549.33	164	162	-1	163	-1	1
164	164	6	716135.897	4475546.33	165	163	-1	164	-1	1
165	165	6	716135.897	4475543.33	166	164	-1	165	-1	1
166	166	6	716135.897	4475540.33	167	165	-1	166	-1	1
167	167	6	716135.897	4475537.33	168	166	-1	167	-1	1
168	168	6	716135.897	4475534.33	169	167	-1	168	-1	1
169	169	6	716135.897	4475531.33	170	168	-1	169	-1	1
170	170	6	716138.897	4475528.33	171	169	-1	170	-1	1
171	171	6	716138.897	4475525.33	172	170	-1	171	-1	1
172	172	6	716138.897	4475522.33	173	171	-1	172	-1	1
173	173	6	716141.897	4475519.33	174	172	-1	173	-1	1
174	174	6	716141.897	4475516.33	175	173	-1	174	-1	1
175	175	6	716141.897	4475513.33	176	174	-1	175	-1	1
176	176	6	716141.897	4475510.33	177	175	-1	176	-1	1
177	177	6	716144.897	4475507.33	178	176	-1	177	-1	1
178	178	6	716144.897	4475504.33	179	177	-1	178	-1	1
179	179	6	716144.897	4475501.33	180	178	-1	179	-1	1
180	180	6	716147.897	4475498.33	181	179	-1	180	-1	1
181	181	6	716150.897	4475495.33	182	180	-1	181	-1	1
182	182	6	716150.897	4475492.33	183	181	-1	182	-1	1
183	183	6	716150.897	4475489.33	184	182	-1	183	-1	1
184	184	6	716153.897	4475486.33	185	183	-1	184	-1	1
185	185	6	716153.897	4475483.33	186	184	-1	185	-1	1
186	186	6	716156.897	4475480.33	187	185	-1	186	-1	1
187	187	6	716156.897	4475477.33	188	186	-1	187	-1	1
188	188	6	716159.897	4475474.33	189	187	-1	188	-1	1
189	189	6	716162.897	4475471.33	190	188	-1	189	-1	1
190	190	6	716165.897	4475468.33	191	189	-1	190	-1	1
191	191	6	716165.897	4475465.33	192	190	-1	191	-1	1
192	192	6	716168.897	4475462.33	193	191	-1	192	-1	1
193	193	6	716171.897	4475459.33	194	192	-1	193	-1	1
194	194	6	716174.897	4475456.33	195	193	-1	194	-1	1
195	195	6	716177.897	4475456.33	196	194	-1	195	-1	1
196	196	6	716180.897	4475456.33	197	195	-1	196	-1	1
197	197	6	716183.897	4475456.33	198	196	-1	197	-1	1
198	198	6	716186.897	4475453.33	199	197	-1	198	-1	1
199	199	6	716189.897	4475453.33	200	198	-1	199	-1	1
200	200	6	716192.897	4475453.33	201	199	-1	200	-1	1
201	201	6	716195.897	4475453.33	202	200	-1	201	-1	1
202	202	6	716198.897	4475453.33	203	201	-1	202	-1	1
203	203	6	716201.897	4475453.33	204	202	-1	203	-1	1
204	204	6	716204.897	4475453.33	205	203	-1	204	-1	1
205	205	6	716207.897	4475453.33	206	204	-1	205	-1	1
206	206	6	716210.897	4475453.33	207	205	-1	206	-1	1
207	207	6	716213.897	4475453.33	208	206	-1	207	-1	1
208	208	6	716216.897	4475453.33	209	207	-1	208	-1	1
209	209	6	716219.897	4475456.33	210	208	-1	209	-1	1
210	210	6	716222.897	4475459.33	211	209	-1	210	-1	1
211	211	6	716225.897	4475459.33	212	210	-1	211	-1	1
212	212	6	716228.897	4475459.33	213	211	-1	212	-1	1
213	213	6	716231.897	4475459.33	214	212	-1	213	-1	1
214	214	6	716234.897	4475459.33	215	213	-1	214	-1	1
215	215	6	716237.897	4475462.33	216	214	-1	215	-1	1
216	216	6	716240.897	4475465.33	217	215	-1	216	-1	1
217	217	6	716243.897	4475468.33	218	216	-1	217	-1	1
218	218	6	716246.897	4475468.33	219	217	-1	218	-1	1
219	219	6	716249.897	4475468.33	220	218	-1	219	-1	1
220	220	6	716252.897	4475471.33	221	219	-1	220	-1	1
221	221	6	716252.897	4475474.33	222	220	-1	221	-1	1
222	222	6	716255.897	4475477.33	223	221	-1	222	-1	1
223	223	6	716258.897	4475480.33	224	222	-1	223	-1	1
224	224	6	716261.897	4475480.33	225	223	-1	224	-1	1
225	225	6	716264.897	4475483.33	226	224	-1	225	-1	1
226	226	6	716267.897	4475486.33	227	225	-1	226	-1	1
227	227	6	716270.897	4475489.33	228	226	-1	227	-1	1
228	228	6	716273.897	4475489.33	229	227	-1	228	-1	1
229	229	6	716276.897	4475492.33	230	228	-1	229	-1	1
230	230	6	716279.897	4475492.33	231	229	-1	230	-1	1
231	231	6	716282.897	4475492.33	232	230	-1	231	-1	1
232	232	6	716285.897	4475492.33	233	231	-1	232	-1	1
233	233	6	716288.897	4475489.33	234	232	-1	233	-1	1
234	234	6	716291.897	4475489.33	235	233	-1	234	-1	1
235	235	6	716294.897	4475489.33	236	234	-1	235	-1	1
236	236	6	716297.897	4475489.33	237	235	-1	236	-1	1
237	237	6	716300.897	4475489.33	238	236	-1	237	-1	1
238	238	6	716303.897	4475489.33	239	237	-1	238	-1	1
239	239	6	716306.897	4475489.33	240	238	-1	239	-1	1
240	240	6	716309.897	4475489.33	241	239	-1	240	-1	1
241	241	6	716312.897	4475489.33	242	240	-1	241	-1	1
242	242	6	716315.897	4475489.33	243	241	-1	242	-1	1
243	243	6	716318.897	4475489.33	244	242	-1	243	-1	1
244	244	6	716321.897	4475489.33	245	243	-1	244	-1	1
245	245	6	716324.897	4475492.33	246	244	-1	245	-1	1
246	246	6	716327.897	4475492.33	247	245	-1	246	-1	1
247	247	6	716330.897	4475492.33	248	246	-1	247	-1	1
248	248	6	716333.897	4475492.33	249	247	-1	248	-1	1
249	249	6	716336.897	4475492.33	250	248	-1	249	-1	1
250	250	6	716339.897	4475492.33	251	249	-1	250	-1	1
251	251	6	716342.897	4475492.33	252	250	-1	251	-1	1
252	252	6	716345.897	4475492.33	253	251	-1	252	-1	1
253	253	6	716348.897	4475492.33	254	252	-1	253	-1	1
254	254	6	716351.897	4475492.33	255	253	-1	254	-1	1
255	255	6	716354.897	4475492.33	256	254	-1	255	-1	1
256	256	6	716357.897	4475492.33	257	255	-1	256	-1	1
257	257	6	716360.897	4475492.33	258	256	-1	257	-1	1
258	258	6	716363.897	4475492.33	259	257	-1	258	-1	1
259	259	6	716366.897	4475492.33	260	258	-1	259	-1	1
260	260	6	716369.897	4475492.33	261	259	-1	260	-1	1
261	261	6	716372.897	4475492.33	262	260	-1	261	-1	1
262	262	6	716375.897	4475492.33	263	261	-1	262	-1	1
263	263	6	716378.897	4475492.33	264	262	-1	263	-1	1
264	264	6	716381.897	4475492.33	265	263	-1	264	-1	1
265	265	6	716384.897	4475489.33	266	264	-1	265	-1	1
266	266	6	716387.897	4475486.33	267	265	-1	266	-1	1
267	267	6	716390.897	4475483.33	268	266	-1	267	-1	1
268	268	6	716393.897	4475483.33	269	267	-1	268	-1	1
269	269	6	716396.897	4475480.33	270	268	-1	269	-1	1
270	270	6	716399.897	4475477.33	271	269	-1	270	-1	1
271	271	6	716402.897	4475477.33	272	270	-1	271	-1	1
272	272	6	716405.897	4475474.33	273	271	-1	272	-1	1
273	273	6	716408.897	4475471.33	274	272	-1	273	-1	1
274	274	6	716411.897	4475468.33	275	273	-1	274	-1	1
275	275	6	716414.897	4475465.33	276	274	-1	275	-1	1
276	276	6	716417.897	4475462.33	277	275	-1	276	-1	1
277	277	6	716420.897	4475462.33	278	276	-1	277	-1	1
278	278	6	716423.897	4475462.33	279	277	-1	278	-1	1
279	279	6	716426.897	4475462.33	280	278	-1	279	-1	1
280	280	6	716429.897	4475462.33	281	279	-1	280	-1	1
281	281	6	716432.897	4475462.33	282	280	-1	281	-1	1
282	282	6	716435.897	4475465.33	283	281	-1	282	-1	1
283	283	6	716438.897	4475462.33	284	282	-1	283	-1	1
284	284	6	716441.897	4475462.33	285	283	-1	284	-1	1
285	285	6	716444.897	4475459.33	286	284	-1	285	-1	1
286	286	6	716447.897	4475459.33	287	285	-1	286	-1	1
287	287	6	716450.897	4475456.33	288	286	-1	287	-1	1
288	288	6	716453.897	4475456.33	289	287	-1	288	-1	1
289	289	6	716456.897	4475453.33	290	288	-1	289	-1	1
290	290	6	716459.897	4475453.33	291	289	-1	290	-1	1
291	291	6	716462.897	4475450.33	292	290	-1	291	-1	1
292	292	6	716465.897	4475447.33	293	291	-1	292	-1	1
293	293	6	716468.897	4475447.33	294	292	-1	293	-1	1
294	294	6	716471.897	4475444.33	295	293	-1	294	-1	1
295	295	6	716474.897	4475444.33	296	294	-1	295	-1	1
296	296	6	716477.897	4475444.33	297	295	-1	296	-1	1
297	297	6	716480.897	4475447.33	298	296	-1	297	-1	1
298	298	6	716483.897	4475450.33	299	297	-1	298	-1	1
299	299	6	716486.897	4475453.33	300	298	-1	299	-1	1
300	300	6	716489.897	4475456.33	301	299	-1	300	-1	1
301	301	6	716492.897	4475459.33	302	300	-1	301	-1	1
302	302	6	716495.897	4475462.33	303	301	-1	302	-1	1
303	303	6	716498.897	4475465.33	304	302	-1	303	-1	1
304	304	6	716501.897	4475465.33	305	303	-1	304	-1	1
305	305	6	716504.897	4475468.33	306	304	-1	305	-1	1
306	306	6	716504.897	4475471.33	307	305	-1	306	-1	1
307	307	6	716507.897	4475474.33	308	306	-1	307	-1	1
308	308	6	716510.897	4475477.33	309	307	-1	308	-1	1
309	309	6	716513.897	4475480.33	310	308	-1	309	-1	1
310	310	6	716516.897	4475483.33	311	309	-1	310	-1	1
311	311	6	716519.897	4475486.33	312	310	-1	311	-1	1
312	312	6	716522.897	4475489.33	313	311	-1	312	-1	1
313	313	6	716525.897	4475492.33	314	312	-1	313	-1	1
314	314	6	716528.897	4475495.33	315	313	-1	314	-1	1
315	315	6	716531.897	4475498.33	316	314	-1	315	-1	1
316	316	6	716534.897	4475501.33	317	315	-1	316	-1	1
317	317	6	716534.897	4475504.33	318	316	-1	317	-1	1
318	318	6	716534.897	4475507.33	319	317	-1	318	-1	1
319	319	6	716537.897	4475510.33	320	318	-1	319	-1	1
320	320	6	716540.897	4475513.33	321	319	-1	320	-1	1
321	321	6	716543.897	4475516.33	322	320	-1	321	-1	1
322	322	6	716546.897	4475519.33	323	321	-1	322	-1	1
323	323	3	716549.897	4475522.33	324	322	-1	128	-1	1
324	324	2	716549.897	4475522.33	325	323	128	128	-1	1
325	325	6	716552.897	4475522.33	326	324	-1	325	-1	1
326	326	6	716555.897	4475522.33	327	325	-1	326	-1	1
327	327	6	716558.897	4475522.33	328	326	-1	327	-1	1
328	328	6	716561.897	4475525.33	329	327	-1	328	-1	1
329	329	6	716564.897	4475525.33	330	328	-1	329	-1	1
330	330	6	716567.897	4475525.33	331	329	-1	330	-1	1
331	331	6	716570.897	4475528.33	332	330	-1	331	-1	1
332	332	6	716573.897	4475528.33	333	331	-1	332	-1	1
333	333	6	716576.897	4475528.33	334	332	-1	333	-1	1
334	334	6	716579.897	4475528.33	335	333	-1	334	-1	1
335	335	6	716582.897	4475531.33	336	334	-1	335	-1	1
336	336	6	716585.897	4475531.33	337	335	-1	336	-1	1
337	337	6	716588.897	4475531.33	338	336	-1	337	-1	1
338	338	6	716591.897	4475531.33	339	337	-1	338	-1	1
339	339	6	716594.897	4475531.33	340	338	-1	339	-1	1
340	340	6	716597.897	4475531.33	341	339	-1	340	-1	1
341	341	6	716600.897	4475531.33	342	340	-1	341	-1	1
342	342	6	716603.897	4475531.33	343	341	-1	342	-1	1
343	343	6	716606.897	4475531.33	344	342	-1	343	-1	1
344	344	6	716609.897	4475531.33	345	343	-1	344	-1	1
345	345	6	716612.897	4475534.33	346	344	-1	345	-1	1
346	346	6	716615.897	4475537.33	347	345	-1	346	-1	1
347	347	6	716618.897	4475537.33	348	346	-1	347	-1	1
348	348	6	716621.897	4475537.33	349	347	-1	348	-1	1
349	349	6	716624.897	4475537.33	350	348	-1	349	-1	1
350	350	6	716627.897	4475537.33	351	349	-1	350	-1	1
351	351	6	716630.897	4475537.33	352	350	-1	351	-1	1
352	352	6	716633.897	4475540.33	353	351	-1	352	-1	1
353	353	6	716636.897	4475540.33	354	352	-1	353	-1	1
354	354	6	716639.897	4475540.33	355	353	-1	354	-1	1
355	355	6	716642.897	4475540.33	356	354	-1	355	-1	1
356	356	6	716645.897	4475540.33	357	355	-1	356	-1	1
357	357	3	716648.897	4475540.33	418	356	-1	357	-1	1
358	358	0	716675.897	4475384.33	359	-1	-1	358	-1	1
359	359	6	716672.897	4475387.33	360	358	-1	359	-1	1
360	360	6	716669.897	4475384.33	361	359	-1	360	-1	1
361	361	6	716666.897	4475384.33	362	360	-1	361	-1	1
362	362	6	716663.897	4475387.33	363	361	-1	362	-1	1
363	363	6	716660.897	4475387.33	364	362	-1	363	-1	1
364	364	6	716657.897	4475390.33	365	363	-1	364	-1	1
365	365	6	716657.897	4475393.33	366	364	-1	365	-1	1
366	366	6	716654.897	4475396.33	367	365	-1	366	-1	1
367	367	6	716654.897	4475399.33	368	366	-1	367	-1	1
368	368	6	716651.897	4475402.33	369	367	-1	368	-1	1
369	369	6	716648.897	4475405.33	370	368	-1	369	-1	1
370	370	6	716645.897	4475408.33	371	369	-1	370	-1	1
371	371	6	716642.897	4475411.33	372	370	-1	371	-1	1
372	372	6	716639.897	4475414.33	373	371	-1	372	-1	1
373	373	6	716636.897	4475417.33	374	372	-1	373	-1	1
374	374	6	716633.897	4475420.33	375	373	-1	374	-1	1
375	375	6	716630.897	4475423.33	376	374	-1	375	-1	1
376	376	6	716627.897	4475426.33	377	375	-1	376	-1	1
377	377	6	716627.897	4475429.33	378	376	-1	377	-1	1
378	378	6	716627.897	4475432.33	379	377	-1	378	-1	1
379	379	6	716624.897	4475435.33	380	378	-1	379	-1	1
380	380	6	716621.897	4475438.33	381	379	-1	380	-1	1
381	381	6	716618.897	4475441.33	382	380	-1	381	-1	1
382	382	6	716618.897	4475444.33	383	381	-1	382	-1	1
383	383	6	716615.897	4475447.33	384	382	-1	383	-1	1
384	384	6	716612.897	4475450.33	385	383	-1	384	-1	1
385	385	6	716609.897	4475450.33	386	384	-1	385	-1	1
386	386	6	716606.897	4475453.33	387	385	-1	386	-1	1
387	387	6	716606.897	4475456.33	388	386	-1	387	-1	1
388	388	6	716603.897	4475459.33	389	387	-1	388	-1	1
389	389	6	716603.897	4475462.33	390	388	-1	389	-1	1
390	390	6	716603.897	4475465.33	391	389	-1	390	-1	1
391	391	6	716603.897	4475468.33	392	390	-1	391	-1	1
392	392	6	716603.897	4475471.33	393	391	-1	392	-1	1
393	393	6	716603.897	4475474.33	394	392	-1	393	-1	1
394	394	6	716603.897	4475477.33	395	393	-1	394	-1	1
395	395	6	716603.897	4475480.33	396	394	-1	395	-1	1
396	396	6	716603.897	4475483.33	397	395	-1	396	-1	1
397	397	6	716606.897	4475486.33	398	396	-1	397	-1	1
398	398	6	716606.897	4475489.33	399	397	-1	398	-1	1
399	399	6	716609.897	4475492.33	400	398	-1	399	-1	1
400	400	6	716609.897	4475495.33	401	399	-1	400	-1	1
401	401	6	716609.897	4475498.33	402	400	-1	401	-1	1
402	402	6	716609.897	4475501.33	403	401	-1	402	-1	1
403	403	6	716612.897	4475504.33	404	402	-1	403	-1	1
404	404	6	716615.897	4475507.33	405	403	-1	404	-1	1
405	405	6	716618.897	4475510.33	406	404	-1	405	-1	1
406	406	6	716621.897	4475510.33	407	405	-1	406	-1	1
407	407	6	716624.897	4475513.33	408	406	-1	407	-1	1
408	408	6	716624.897	4475516.33	409	407	-1	408	-1	1
409	409	6	716627.897	4475519.33	410	408	-1	409	-1	1
410	410	6	716630.897	4475522.33	411	409	-1	410	-1	1
411	411	6	716633.897	4475522.33	412	410	-1	411	-1	1
412	412	6	716636.897	4475525.33	413	411	-1	412	-1	1
413	413	6	716639.897	4475528.33	414	412	-1	413	-1	1
414	414	6	716642.897	4475531.33	415	413	-1	414	-1	1
415	415	6	716645.897	4475534.33	416	414	-1	415	-1	1
416	416	6	716648.897	4475537.33	417	415	-1	416	-1	1
417	417	3	716648.897	4475540.33	418	416	-1	357	-1	1
418	418	2	716648.897	4475540.33	419	417	357	357	-1	1
419	419	3	716651.897	4475543.33	420	418	-1	63	-1	1
420	420	2	716651.897	4475543.33	421	419	63	63	-1	1
421	421	6	716654.897	4475546.33	422	420	-1	421	-1	1
422	422	6	716657.897	4475546.33	423	421	-1	422	-1	1
423	423	6	716660.897	4475546.33	424	422	-1	423	-1	1
424	424	6	716663.897	4475549.33	425	423	-1	424	-1	1
425	425	6	716666.897	4475549.33	426	424	-1	425	-1	1
426	426	6	716669.897	4475549.33	427	425	-1	426	-1	1
427	427	6	716672.897	4475552.33	428	426	-1	427	-1	1
428	428	6	716675.897	4475552.33	429	427	-1	428	-1	1
429	429	6	716678.897	4475552.33	430	428	-1	429	-1	1
430	430	6	716681.897	4475555.33	431	429	-1	430	-1	1
431	431	6	716684.897	4475555.33	432	430	-1	431	-1	1
432	432	6	716687.897	4475558.33	433	431	-1	432	-1	1
433	433	6	716690.897	4475561.33	434	432	-1	433	-1	1
434	434	6	716693.897	4475564.33	435	433	-1	434	-1	1
435	435	6	716696.897	4475567.33	436	434	-1	435	-1	1
436	436	6	716699.897	4475567.33	437	435	-1	436	-1	1
437	437	6	716702.897	4475567.33	438	436	-1	437	-1	1
438	438	6	716705.897	4475570.33	439	437	-1	438	-1	1
439	439	6	716708.897	4475570.33	440	438	-1	439	-1	1
440	440	6	716711.897	4475573.33	441	439	-1	440	-1	1
441	441	6	716714.897	4475573.33	442	440	-1	441	-1	1
442	442	6	716717.897	4475576.33	443	441	-1	442	-1	1
443	443	6	716720.897	4475576.33	444	442	-1	443	-1	1
444	444	6	716723.897	4475576.33	445	443	-1	444	-1	1
445	445	6	716726.897	4475576.33	446	444	-1	445	-1	1
446	446	6	716729.897	4475579.33	447	445	-1	446	-1	1
447	447	6	716732.897	4475582.33	448	446	-1	447	-1	1
448	448	6	716735.897	4475582.33	449	447	-1	448	-1	1
449	449	6	716738.897	4475582.33	450	448	-1	449	-1	1
450	450	6	716741.897	4475582.33	451	449	-1	450	-1	1
451	451	6	716744.897	4475585.33	452	450	-1	451	-1	1
452	452	6	716747.897	4475585.33	453	451	-1	452	-1	1
453	453	6	716750.897	4475585.33	454	452	-1	453	-1	1
454	454	6	716753.897	4475588.33	455	453	-1	454	-1	1
455	455	6	716756.897	4475588.33	456	454	-1	455	-1	1
456	456	6	716759.897	4475588.33	457	455	-1	456	-1	1
457	457	6	716762.897	4475588.33	458	456	-1	457	-1	1
458	458	6	716765.897	4475591.33	459	457	-1	458	-1	1
459	459	6	716768.897	4475591.33	460	458	-1	459	-1	1
460	460	6	716771.897	4475591.33	461	459	-1	460	-1	1
461	461	6	716774.897	4475594.33	462	460	-1	461	-1	1
462	462	6	716777.897	4475594.33	463	461	-1	462	-1	1
463	463	6	716780.897	4475594.33	464	462	-1	463	-1	1
464	464	6	716783.897	4475594.33	465	463	-1	464	-1	1
465	465	6	716786.897	4475594.33	466	464	-1	465	-1	1
466	466	6	716789.897	4475597.33	467	465	-1	466	-1	1
467	467	6	716792.897	4475597.33	468	466	-1	467	-1	1
468	468	6	716795.897	4475597.33	469	467	-1	468	-1	1
469	469	6	716798.897	4475597.33	470	468	-1	469	-1	1
470	470	6	716801.897	4475597.33	471	469	-1	470	-1	1
471	471	6	716804.897	4475597.33	472	470	-1	471	-1	1
472	472	6	716807.897	4475597.33	473	471	-1	472	-1	1
473	473	6	716810.897	4475597.33	474	472	-1	473	-1	1
474	474	6	716813.897	4475597.33	475	473	-1	474	-1	1
475	475	6	716816.897	4475600.33	476	474	-1	475	-1	1
476	476	6	716819.897	4475600.33	477	475	-1	476	-1	1
477	477	6	716822.897	4475600.33	478	476	-1	477	-1	1
478	478	6	716825.897	4475603.33	479	477	-1	478	-1	1
479	479	6	716828.897	4475603.33	480	478	-1	479	-1	1
480	480	6	716831.897	4475603.33	481	479	-1	480	-1	1
481	481	6	716834.897	4475603.33	482	480	-1	481	-1	1
482	482	6	716837.897	4475606.33	483	481	-1	482	-1	1
483	483	6	716840.897	4475609.33	484	482	-1	483	-1	1
484	484	6	716843.897	4475612.33	485	483	-1	484	-1	1
485	485	6	716846.897	4475615.33	486	484	-1	485	-1	1
486	486	6	716849.897	4475618.33	487	485	-1	486	-1	1
487	487	6	716852.897	4475621.33	488	486	-1	487	-1	1
488	488	6	716855.897	4475624.33	489	487	-1	488	-1	1
489	489	6	716858.897	4475627.33	490	488	-1	489	-1	1
490	490	6	716861.897	4475630.33	491	489	-1	490	-1	1
491	491	6	716864.897	4475633.33	492	490	-1	491	-1	1
492	492	6	716867.897	4475636.33	493	491	-1	492	-1	1
493	493	6	716870.897	4475636.33	494	492	-1	493	-1	1
494	494	6	716873.897	4475636.33	495	493	-1	494	-1	1
495	495	6	716876.897	4475639.33	496	494	-1	495	-1	1
496	496	6	716879.897	4475639.33	497	495	-1	496	-1	1
497	497	6	716882.897	4475642.33	498	496	-1	497	-1	1
498	498	6	716885.897	4475645.33	499	497	-1	498	-1	1
499	499	6	716888.897	4475645.33	500	498	-1	499	-1	1
500	500	6	716891.897	4475645.33	501	499	-1	500	-1	1
501	501	6	716894.897	4475645.33	502	500	-1	501	-1	1
502	502	6	716897.897	4475645.33	503	501	-1	502	-1	1
503	503	6	716900.897	4475645.33	504	502	-1	503	-1	1
504	504	6	716903.897	4475645.33	505	503	-1	504	-1	1
505	505	6	716906.897	4475645.33	506	504	-1	505	-1	1
506	506	6	716909.897	4475645.33	507	505	-1	506	-1	1
507	507	6	716912.897	4475645.33	508	506	-1	507	-1	1
508	508	6	716915.897	4475645.33	509	507	-1	508	-1	1
509	509	6	716918.897	4475645.33	510	508	-1	509	-1	1
510	510	6	716921.897	4475645.33	511	509	-1	510	-1	1
511	511	6	716924.897	4475648.33	512	510	-1	511	-1	1
512	512	6	716927.897	4475651.33	513	511	-1	512	-1	1
513	513	6	716930.897	4475651.33	514	512	-1	513	-1	1
514	514	6	716933.897	4475651.33	515	513	-1	514	-1	1
515	515	6	716936.897	4475651.33	516	514	-1	515	-1	1
516	516	6	716939.897	4475651.33	517	515	-1	516	-1	1
517	517	6	716942.897	4475651.33	518	516	-1	517	-1	1
518	518	6	716945.897	4475651.33	519	517	-1	518	-1	1
519	519	6	716948.897	4475651.33	520	518	-1	519	-1	1
520	520	6	716951.897	4475651.33	521	519	-1	520	-1	1
521	521	6	716954.897	4475651.33	522	520	-1	521	-1	1
522	522	6	716957.897	4475654.33	523	521	-1	522	-1	1
523	523	6	716960.897	4475657.33	524	522	-1	523	-1	1
524	524	6	716963.897	4475660.33	525	523	-1	524	-1	1
525	525	6	716963.897	4475663.33	526	524	-1	525	-1	1
526	526	6	716966.897	4475666.33	527	525	-1	526	-1	1
527	527	6	716969.897	4475666.33	528	526	-1	527	-1	1
528	528	6	716972.897	4475669.33	529	527	-1	528	-1	1
529	529	6	716975.897	4475669.33	530	528	-1	529	-1	1
530	530	6	716978.897	4475672.33	531	529	-1	530	-1	1
531	531	6	716981.897	4475672.33	532	530	-1	531	-1	1
532	532	6	716984.897	4475672.33	533	531	-1	532	-1	1
533	533	6	716987.897	4475672.33	534	532	-1	533	-1	1
534	534	6	716990.897	4475675.33	535	533	-1	534	-1	1
535	535	6	716993.897	4475678.33	536	534	-1	535	-1	1
536	536	6	716996.897	4475681.33	537	535	-1	536	-1	1
537	537	6	716999.897	4475684.33	538	536	-1	537	-1	1
538	538	6	717002.897	4475684.33	539	537	-1	538	-1	1
539	539	6	717005.897	4475684.33	540	538	-1	539	-1	1
540	540	3	717008.897	4475687.33	571	539	-1	540	-1	1
541	541	0	716987.897	4475600.33	542	-1	-1	541	-1	1
542	542	6	716987.897	4475603.33	543	541	-1	542	-1	1
543	543	6	716987.897	4475606.33	544	542	-1	543	-1	1
544	544	6	716987.897	4475609.33	545	543	-1	544	-1	1
545	545	6	716987.897	4475612.33	546	544	-1	545	-1	1
546	546	6	716987.897	4475615.33	547	545	-1	546	-1	1
547	547	6	716990.897	4475618.33	548	546	-1	547	-1	1
548	548	6	716993.897	4475621.33	549	547	-1	548	-1	1
549	549	6	716993.897	4475624.33	550	548	-1	549	-1	1
550	550	6	716996.897	4475627.33	551	549	-1	550	-1	1
551	551	6	716999.897	4475630.33	552	550	-1	551	-1	1
552	552	6	716999.897	4475633.33	553	551	-1	552	-1	1
553	553	6	716999.897	4475636.33	554	552	-1	553	-1	1
554	554	6	717002.897	4475639.33	555	553	-1	554	-1	1
555	555	6	717002.897	4475642.33	556	554	-1	555	-1	1
556	556	6	717002.897	4475645.33	557	555	-1	556	-1	1
557	557	6	717002.897	4475648.33	558	556	-1	557	-1	1
558	558	6	717002.897	4475651.33	559	557	-1	558	-1	1
559	559	6	717002.897	4475654.33	560	558	-1	559	-1	1
560	560	6	717005.897	4475657.33	561	559	-1	560	-1	1
561	561	6	717005.897	4475660.33	562	560	-1	561	-1	1
562	562	6	717005.897	4475663.33	563	561	-1	562	-1	1
563	563	6	717008.897	4475666.33	564	562	-1	563	-1	1
564	564	6	717008.897	4475669.33	565	563	-1	564	-1	1
565	565	6	717008.897	4475672.33	566	564	-1	565	-1	1
566	566	6	717008.897	4475675.33	567	565	-1	566	-1	1
567	567	6	717008.897	4475678.33	568	566	-1	567	-1	1
568	568	6	717008.897	4475681.33	569	567	-1	568	-1	1
569	569	6	717008.897	4475684.33	570	568	-1	569	-1	1
570	570	3	717008.897	4475687.33	571	569	-1	540	-1	1
571	571	2	717008.897	4475687.33	572	570	540	540	-1	1
572	572	6	717008.897	4475690.33	573	571	-1	572	-1	1
573	573	6	717008.897	4475693.33	574	572	-1	573	-1	1
574	574	6	717008.897	4475696.33	575	573	-1	574	-1	1
575	575	6	717008.897	4475699.33	576	574	-1	575	-1	1
576	576	6	717008.897	4475702.33	577	575	-1	576	-1	1
577	577	6	717005.897	4475705.33	578	576	-1	577	-1	1
578	578	6	717005.897	4475708.33	579	577	-1	578	-1	1
579	579	6	717005.897	4475711.33	580	578	-1	579	-1	1
580	580	6	717005.897	4475714.33	581	579	-1	580	-1	1
581	581	6	717005.897	4475717.33	582	580	-1	581	-1	1
582	582	6	717005.897	4475720.33	583	581	-1	582	-1	1
583	583	6	717005.897	4475723.33	584	582	-1	583	-1	1
584	584	6	717005.897	4475726.33	585	583	-1	584	-1	1
585	585	6	717005.897	4475729.33	586	584	-1	585	-1	1
586	586	6	717005.897	4475732.33	587	585	-1	586	-1	1
587	587	6	717005.897	4475735.33	588	586	-1	587	-1	1
588	588	6	717005.897	4475738.33	589	587	-1	588	-1	1
589	589	6	717002.897	4475741.33	590	588	-1	589	-1	1
590	590	6	717002.897	4475744.33	591	589	-1	590	-1	1
591	591	6	717002.897	4475747.33	592	590	-1	591	-1	1
592	592	6	717002.897	4475750.33	593	591	-1	592	-1	1
593	593	6	717005.897	4475753.33	594	592	-1	593	-1	1
594	594	6	717008.897	4475756.33	595	593	-1	594	-1	1
595	595	6	717008.897	4475759.33	596	594	-1	595	-1	1
596	596	6	717011.897	4475762.33	597	595	-1	596	-1	1
597	597	6	717014.897	4475762.33	598	596	-1	597	-1	1
598	598	6	717017.897	4475765.33	599	597	-1	598	-1	1
599	599	6	717020.897	4475768.33	600	598	-1	599	-1	1
600	600	6	717023.897	4475771.33	601	599	-1	600	-1	1
601	601	6	717023.897	4475774.33	602	600	-1	601	-1	1
602	602	6	717023.897	4475777.33	603	601	-1	602	-1	1
603	603	6	717023.897	4475780.33	604	602	-1	603	-1	1
604	604	6	717023.897	4475783.33	605	603	-1	604	-1	1
605	605	6	717023.897	4475786.33	606	604	-1	605	-1	1
606	606	6	717023.897	4475789.33	607	605	-1	606	-1	1
607	607	6	717023.897	4475792.33	608	606	-1	607	-1	1
608	608	6	717023.897	4475795.33	609	607	-1	608	-1	1
609	609	6	717023.897	4475798.33	610	608	-1	609	-1	1
610	610	6	717026.897	4475798.33	611	609	-1	610	-1	1
611	611	6	717029.897	4475798.33	612	610	-1	611	-1	1
612	612	6	717032.897	4475798.33	613	611	-1	612	-1	1
613	613	6	717035.897	4475801.33	614	612	-1	613	-1	1
614	614	6	717038.897	4475801.33	615	613	-1	614	-1	1
615	615	6	717041.897	4475801.33	616	614	-1	615	-1	1
616	616	6	717044.897	4475801.33	617	615	-1	616	-1	1
617	617	6	717047.897	4475801.33	618	616	-1	617	-1	1
618	618	6	717050.897	4475804.33	619	617	-1	618	-1	1
619	619	6	717053.897	4475804.33	620	618	-1	619	-1	1
620	620	6	717056.897	4475807.33	621	619	-1	620	-1	1
621	621	6	717059.897	4475810.33	622	620	-1	621	-1	1
622	622	6	717062.897	4475813.33	623	621	-1	622	-1	1
623	623	6	717065.897	4475816.33	624	622	-1	623	-1	1
624	624	6	717068.897	4475819.33	625	623	-1	624	-1	1
625	625	6	717071.897	4475822.33	626	624	-1	625	-1	1
626	626	6	717074.897	4475825.33	627	625	-1	626	-1	1
627	627	6	717074.897	4475828.33	628	626	-1	627	-1	1
628	628	6	717077.897	4475831.33	629	627	-1	628	-1	1
629	629	6	717080.897	4475834.33	630	628	-1	629	-1	1
630	630	6	717083.897	4475837.33	631	629	-1	630	-1	1
631	631	6	717086.897	4475840.33	632	630	-1	631	-1	1
632	632	6	717086.897	4475843.33	633	631	-1	632	-1	1
633	633	6	717086.897	4475846.33	634	632	-1	633	-1	1
634	634	6	717086.897	4475849.33	635	633	-1	634	-1	1
635	635	6	717089.897	4475852.33	636	634	-1	635	-1	1
636	636	6	717092.897	4475852.33	637	635	-1	636	-1	1
637	637	6	717095.897	4475855.33	638	636	-1	637	-1	1
638	638	6	717098.897	4475858.33	639	637	-1	638	-1	1
639	639	6	717098.897	4475861.33	640	638	-1	639	-1	1
640	640	6	717101.897	4475864.33	641	639	-1	640	-1	1
641	641	6	717104.897	4475867.33	642	640	-1	641	-1	1
642	642	6	717107.897	4475870.33	643	641	-1	642	-1	1
643	643	6	717110.897	4475873.33	644	642	-1	643	-1	1
644	644	6	717113.897	4475876.33	645	643	-1	644	-1	1
645	645	6	717116.897	4475879.33	646	644	-1	645	-1	1
646	646	6	717119.897	4475882.33	647	645	-1	646	-1	1
647	647	6	717122.897	4475885.33	648	646	-1	647	-1	1
648	648	6	717125.897	4475888.33	649	647	-1	648	-1	1
649	649	6	717128.897	4475891.33	650	648	-1	649	-1	1
650	650	6	717131.897	4475894.33	651	649	-1	650	-1	1
651	651	6	717134.897	4475897.33	652	650	-1	651	-1	1
652	652	6	717137.897	4475900.33	653	651	-1	652	-1	1
653	653	6	717140.897	4475903.33	654	652	-1	653	-1	1
654	654	6	717140.897	4475906.33	655	653	-1	654	-1	1
655	655	6	717143.897	4475909.33	656	654	-1	655	-1	1
656	656	6	717146.897	4475912.33	657	655	-1	656	-1	1
657	657	6	717149.897	4475915.33	658	656	-1	657	-1	1
658	658	6	717152.897	4475918.33	659	657	-1	658	-1	1
659	659	6	717152.897	4475921.33	660	658	-1	659	-1	1
660	660	6	717152.897	4475924.33	661	659	-1	660	-1	1
661	661	6	717152.897	4475927.33	662	660	-1	661	-1	1
662	662	6	717152.897	4475930.33	663	661	-1	662	-1	1
663	663	6	717149.897	4475933.33	664	662	-1	663	-1	1
664	664	6	717149.897	4475936.33	665	663	-1	664	-1	1
665	665	6	717149.897	4475939.33	666	664	-1	665	-1	1
666	666	6	717149.897	4475942.33	667	665	-1	666	-1	1
667	667	6	717149.897	4475945.33	668	666	-1	667	-1	1
668	668	6	717149.897	4475948.33	669	667	-1	668	-1	1
669	669	6	717149.897	4475951.33	670	668	-1	669	-1	1
670	670	6	717149.897	4475954.33	671	669	-1	670	-1	1
671	671	6	717149.897	4475957.33	672	670	-1	671	-1	1
672	672	6	717149.897	4475960.33	673	671	-1	672	-1	1
673	673	6	717149.897	4475963.33	674	672	-1	673	-1	1
674	674	6	717152.897	4475966.33	675	673	-1	674	-1	1
675	675	6	717152.897	4475969.33	676	674	-1	675	-1	1
676	676	6	717152.897	4475972.33	677	675	-1	676	-1	1
677	677	6	717155.897	4475975.33	678	676	-1	677	-1	1
678	678	6	717158.897	4475978.33	679	677	-1	678	-1	1
679	679	6	717161.897	4475981.33	680	678	-1	679	-1	1
680	680	6	717164.897	4475984.33	681	679	-1	680	-1	1
681	681	6	717167.897	4475987.33	682	680	-1	681	-1	1
682	682	6	717167.897	4475990.33	683	681	-1	682	-1	1
683	683	6	717167.897	4475993.33	684	682	-1	683	-1	1
684	684	6	717167.897	4475996.33	685	683	-1	684	-1	1
685	685	6	717167.897	4475999.33	686	684	-1	685	-1	1
686	686	6	717167.897	4476002.33	687	685	-1	686	-1	1
687	687	3	717167.897	4476005.33	1738	686	-1	687	-1	1
688	688	0	717131.897	4475408.33	689	-1	-1	688	-1	1
689	689	6	717131.897	4475411.33	690	688	-1	689	-1	1
690	690	6	717131.897	4475414.33	691	689	-1	690	-1	1
691	691	6	717134.897	4475417.33	692	690	-1	691	-1	1
692	692	6	717134.897	4475420.33	693	691	-1	692	-1	1
693	693	6	717134.897	4475423.33	694	692	-1	693	-1	1
694	694	6	717137.897	4475426.33	695	693	-1	694	-1	1
695	695	6	717137.897	4475429.33	696	694	-1	695	-1	1
696	696	6	717137.897	4475432.33	697	695	-1	696	-1	1
697	697	6	717137.897	4475435.33	698	696	-1	697	-1	1
698	698	6	717140.897	4475438.33	699	697	-1	698	-1	1
699	699	6	717140.897	4475441.33	700	698	-1	699	-1	1
700	700	6	717143.897	4475444.33	701	699	-1	700	-1	1
701	701	6	717143.897	4475447.33	702	700	-1	701	-1	1
702	702	6	717146.897	4475450.33	703	701	-1	702	-1	1
703	703	6	717149.897	4475453.33	704	702	-1	703	-1	1
704	704	6	717152.897	4475456.33	705	703	-1	704	-1	1
705	705	6	717155.897	4475459.33	706	704	-1	705	-1	1
706	706	6	717158.897	4475459.33	707	705	-1	706	-1	1
707	707	6	717161.897	4475462.33	708	706	-1	707	-1	1
708	708	6	717164.897	4475465.33	709	707	-1	708	-1	1
709	709	6	717167.897	4475468.33	710	708	-1	709	-1	1
710	710	6	717170.897	4475471.33	711	709	-1	710	-1	1
711	711	6	717173.897	4475471.33	712	710	-1	711	-1	1
712	712	6	717176.897	4475474.33	713	711	-1	712	-1	1
713	713	6	717179.897	4475477.33	714	712	-1	713	-1	1
714	714	6	717182.897	4475480.33	715	713	-1	714	-1	1
715	715	6	717185.897	4475480.33	716	714	-1	715	-1	1
716	716	6	717188.897	4475483.33	717	715	-1	716	-1	1
717	717	6	717191.897	4475483.33	718	716	-1	717	-1	1
718	718	6	717194.897	4475483.33	719	717	-1	718	-1	1
719	719	6	717197.897	4475486.33	720	718	-1	719	-1	1
720	720	6	717200.897	4475486.33	721	719	-1	720	-1	1
721	721	6	717203.897	4475489.33	722	720	-1	721	-1	1
722	722	6	717206.897	4475489.33	723	721	-1	722	-1	1
723	723	6	717209.897	4475489.33	724	722	-1	723	-1	1
724	724	6	717212.897	4475492.33	725	723	-1	724	-1	1
725	725	6	717215.897	4475492.33	726	724	-1	725	-1	1
726	726	6	717218.897	4475492.33	727	725	-1	726	-1	1
727	727	6	717221.897	4475492.33	728	726	-1	727	-1	1
728	728	6	717224.897	4475492.33	729	727	-1	728	-1	1
729	729	6	717227.897	4475492.33	730	728	-1	729	-1	1
730	730	6	717230.897	4475495.33	731	729	-1	730	-1	1
731	731	6	717233.897	4475498.33	732	730	-1	731	-1	1
732	732	6	717236.897	4475501.33	733	731	-1	732	-1	1
733	733	6	717239.897	4475504.33	734	732	-1	733	-1	1
734	734	6	717239.897	4475507.33	735	733	-1	734	-1	1
735	735	6	717242.897	4475510.33	736	734	-1	735	-1	1
736	736	3	717245.897	4475513.33	843	735	-1	736	-1	1
737	737	0	717278.897	4475201.33	738	-1	-1	737	-1	1
738	738	6	717281.897	4475204.33	739	737	-1	738	-1	1
739	739	6	717284.897	4475207.33	740	738	-1	739	-1	1
740	740	6	717287.897	4475207.33	741	739	-1	740	-1	1
741	741	6	717290.897	4475210.33	742	740	-1	741	-1	1
742	742	6	717290.897	4475213.33	743	741	-1	742	-1	1
743	743	6	717293.897	4475216.33	744	742	-1	743	-1	1
744	744	6	717293.897	4475219.33	745	743	-1	744	-1	1
745	745	6	717293.897	4475222.33	746	744	-1	745	-1	1
746	746	6	717293.897	4475225.33	747	745	-1	746	-1	1
747	747	6	717293.897	4475228.33	748	746	-1	747	-1	1
748	748	6	717293.897	4475231.33	749	747	-1	748	-1	1
749	749	6	717293.897	4475234.33	750	748	-1	749	-1	1
750	750	6	717293.897	4475237.33	751	749	-1	750	-1	1
751	751	6	717293.897	4475240.33	752	750	-1	751	-1	1
752	752	6	717296.897	4475243.33	753	751	-1	752	-1	1
753	753	6	717296.897	4475246.33	754	752	-1	753	-1	1
754	754	6	717299.897	4475249.33	755	753	-1	754	-1	1
755	755	6	717302.897	4475252.33	756	754	-1	755	-1	1
756	756	6	717305.897	4475255.33	757	755	-1	756	-1	1
757	757	6	717308.897	4475258.33	758	756	-1	757	-1	1
758	758	6	717311.897	4475261.33	759	757	-1	758	-1	1
759	759	6	717311.897	4475264.33	760	758	-1	759	-1	1
760	760	6	717311.897	4475267.33	761	759	-1	760	-1	1
761	761	6	717311.897	4475270.33	762	760	-1	761	-1	1
762	762	6	717311.897	4475273.33	763	761	-1	762	-1	1
763	763	6	717311.897	4475276.33	764	762	-1	763	-1	1
764	764	6	717311.897	4475279.33	765	763	-1	764	-1	1
765	765	6	717311.897	4475282.33	766	764	-1	765	-1	1
766	766	6	717311.897	4475285.33	767	765	-1	766	-1	1
767	767	6	717308.897	4475288.33	768	766	-1	767	-1	1
768	768	6	717305.897	4475291.33	769	767	-1	768	-1	1
769	769	6	717302.897	4475294.33	770	768	-1	769	-1	1
770	770	6	717302.897	4475297.33	771	769	-1	770	-1	1
771	771	6	717302.897	4475300.33	772	770	-1	771	-1	1
772	772	6	717302.897	4475303.33	773	771	-1	772	-1	1
773	773	6	717302.897	4475306.33	774	772	-1	773	-1	1
774	774	6	717299.897	4475309.33	775	773	-1	774	-1	1
775	775	6	717299.897	4475312.33	776	774	-1	775	-1	1
776	776	6	717299.897	4475315.33	777	775	-1	776	-1	1
777	777	6	717299.897	4475318.33	778	776	-1	777	-1	1
778	778	6	717299.897	4475321.33	779	777	-1	778	-1	1
779	779	6	717299.897	4475324.33	780	778	-1	779	-1	1
780	780	6	717299.897	4475327.33	781	779	-1	780	-1	1
781	781	6	717299.897	4475330.33	782	780	-1	781	-1	1
782	782	6	717296.897	4475333.33	783	781	-1	782	-1	1
783	783	6	717293.897	4475336.33	784	782	-1	783	-1	1
784	784	6	717293.897	4475339.33	785	783	-1	784	-1	1
785	785	6	717293.897	4475342.33	786	784	-1	785	-1	1
786	786	6	717293.897	4475345.33	787	785	-1	786	-1	1
787	787	6	717290.897	4475348.33	788	786	-1	787	-1	1
788	788	6	717287.897	4475351.33	789	787	-1	788	-1	1
789	789	6	717287.897	4475354.33	790	788	-1	789	-1	1
790	790	6	717287.897	4475357.33	791	789	-1	790	-1	1
791	791	6	717287.897	4475360.33	792	790	-1	791	-1	1
792	792	6	717287.897	4475363.33	793	791	-1	792	-1	1
793	793	6	717287.897	4475366.33	794	792	-1	793	-1	1
794	794	6	717284.897	4475369.33	795	793	-1	794	-1	1
795	795	6	717284.897	4475372.33	796	794	-1	795	-1	1
796	796	6	717284.897	4475375.33	797	795	-1	796	-1	1
797	797	6	717284.897	4475378.33	798	796	-1	797	-1	1
798	798	6	717281.897	4475381.33	799	797	-1	798	-1	1
799	799	6	717281.897	4475384.33	800	798	-1	799	-1	1
800	800	6	717281.897	4475387.33	801	799	-1	800	-1	1
801	801	6	717281.897	4475390.33	802	800	-1	801	-1	1
802	802	6	717281.897	4475393.33	803	801	-1	802	-1	1
803	803	6	717281.897	4475396.33	804	802	-1	803	-1	1
804	804	6	717278.897	4475399.33	805	803	-1	804	-1	1
805	805	6	717278.897	4475402.33	806	804	-1	805	-1	1
806	806	6	717278.897	4475405.33	807	805	-1	806	-1	1
807	807	6	717278.897	4475408.33	808	806	-1	807	-1	1
808	808	6	717275.897	4475411.33	809	807	-1	808	-1	1
809	809	6	717275.897	4475414.33	810	808	-1	809	-1	1
810	810	6	717275.897	4475417.33	811	809	-1	810	-1	1
811	811	6	717275.897	4475420.33	812	810	-1	811	-1	1
812	812	6	717275.897	4475423.33	813	811	-1	812	-1	1
813	813	6	717275.897	4475426.33	814	812	-1	813	-1	1
814	814	6	717275.897	4475429.33	815	813	-1	814	-1	1
815	815	6	717275.897	4475432.33	816	814	-1	815	-1	1
816	816	6	717275.897	4475435.33	817	815	-1	816	-1	1
817	817	6	717275.897	4475438.33	818	816	-1	817	-1	1
818	818	6	717275.897	4475441.33	819	817	-1	818	-1	1
819	819	6	717275.897	4475444.33	820	818	-1	819	-1	1
820	820	6	717272.897	4475447.33	821	819	-1	820	-1	1
821	821	6	717272.897	4475450.33	822	820	-1	821	-1	1
822	822	6	717269.897	4475453.33	823	821	-1	822	-1	1
823	823	6	717266.897	4475456.33	824	822	-1	823	-1	1
824	824	6	717263.897	4475459.33	825	823	-1	824	-1	1
825	825	6	717260.897	4475462.33	826	824	-1	825	-1	1
826	826	6	717257.897	4475465.33	827	825	-1	826	-1	1
827	827	6	717254.897	4475468.33	828	826	-1	827	-1	1
828	828	6	717251.897	4475471.33	829	827	-1	828	-1	1
829	829	6	717248.897	4475474.33	830	828	-1	829	-1	1
830	830	6	717248.897	4475477.33	831	829	-1	830	-1	1
831	831	6	717245.897	4475480.33	832	830	-1	831	-1	1
832	832	6	717242.897	4475483.33	833	831	-1	832	-1	1
833	833	6	717242.897	4475486.33	834	832	-1	833	-1	1
834	834	6	717242.897	4475489.33	835	833	-1	834	-1	1
835	835	6	717242.897	4475492.33	836	834	-1	835	-1	1
836	836	6	717242.897	4475495.33	837	835	-1	836	-1	1
837	837	6	717245.897	4475498.33	838	836	-1	837	-1	1
838	838	6	717245.897	4475501.33	839	837	-1	838	-1	1
839	839	6	717245.897	4475504.33	840	838	-1	839	-1	1
840	840	6	717245.897	4475507.33	841	839	-1	840	-1	1
841	841	6	717245.897	4475510.33	842	840	-1	841	-1	1
842	842	3	717245.897	4475513.33	843	841	-1	736	-1	1
843	843	2	717245.897	4475513.33	844	842	736	736	-1	1
844	844	6	717248.897	4475516.33	845	843	-1	844	-1	1
845	845	6	717248.897	4475519.33	846	844	-1	845	-1	1
846	846	6	717251.897	4475522.33	847	845	-1	846	-1	1
847	847	6	717254.897	4475525.33	848	846	-1	847	-1	1
848	848	6	717257.897	4475528.33	849	847	-1	848	-1	1
849	849	6	717260.897	4475531.33	850	848	-1	849	-1	1
850	850	6	717263.897	4475534.33	851	849	-1	850	-1	1
851	851	6	717263.897	4475537.33	852	850	-1	851	-1	1
852	852	6	717266.897	4475540.33	853	851	-1	852	-1	1
853	853	6	717269.897	4475540.33	854	852	-1	853	-1	1
854	854	6	717272.897	4475543.33	855	853	-1	854	-1	1
855	855	6	717275.897	4475546.33	856	854	-1	855	-1	1
856	856	6	717278.897	4475549.33	857	855	-1	856	-1	1
857	857	6	717281.897	4475552.33	858	856	-1	857	-1	1
858	858	6	717284.897	4475555.33	859	857	-1	858	-1	1
859	859	6	717287.897	4475558.33	860	858	-1	859	-1	1
860	860	6	717290.897	4475561.33	861	859	-1	860	-1	1
861	861	6	717293.897	4475564.33	862	860	-1	861	-1	1
862	862	6	717296.897	4475567.33	863	861	-1	862	-1	1
863	863	6	717299.897	4475570.33	864	862	-1	863	-1	1
864	864	6	717302.897	4475573.33	865	863	-1	864	-1	1
865	865	6	717305.897	4475576.33	866	864	-1	865	-1	1
866	866	6	717308.897	4475579.33	867	865	-1	866	-1	1
867	867	6	717308.897	4475582.33	868	866	-1	867	-1	1
868	868	6	717308.897	4475585.33	869	867	-1	868	-1	1
869	869	6	717308.897	4475588.33	870	868	-1	869	-1	1
870	870	6	717308.897	4475591.33	871	869	-1	870	-1	1
871	871	6	717308.897	4475594.33	872	870	-1	871	-1	1
872	872	6	717308.897	4475597.33	873	871	-1	872	-1	1
873	873	6	717308.897	4475600.33	874	872	-1	873	-1	1
874	874	6	717305.897	4475603.33	875	873	-1	874	-1	1
875	875	6	717302.897	4475606.33	876	874	-1	875	-1	1
876	876	6	717302.897	4475609.33	877	875	-1	876	-1	1
877	877	3	717302.897	4475612.33	1388	876	-1	877	-1	1
878	878	0	717482.897	4475129.33	879	-1	-1	878	-1	1
879	879	6	717485.897	4475132.33	880	878	-1	879	-1	1
880	880	6	717485.897	4475135.33	881	879	-1	880	-1	1
881	881	6	717485.897	4475138.33	882	880	-1	881	-1	1
882	882	6	717485.897	4475141.33	883	881	-1	882	-1	1
883	883	6	717485.897	4475144.33	884	882	-1	883	-1	1
884	884	6	717488.897	4475147.33	885	883	-1	884	-1	1
885	885	6	717488.897	4475150.33	886	884	-1	885	-1	1
886	886	6	717488.897	4475153.33	887	885	-1	886	-1	1
887	887	6	717488.897	4475156.33	888	886	-1	887	-1	1
888	888	6	717488.897	4475159.33	889	887	-1	888	-1	1
889	889	6	717488.897	4475162.33	890	888	-1	889	-1	1
890	890	6	717488.897	4475165.33	891	889	-1	890	-1	1
891	891	6	717485.897	4475168.33	892	890	-1	891	-1	1
892	892	6	717482.897	4475171.33	893	891	-1	892	-1	1
893	893	6	717482.897	4475174.33	894	892	-1	893	-1	1
894	894	6	717482.897	4475177.33	895	893	-1	894	-1	1
895	895	6	717482.897	4475180.33	896	894	-1	895	-1	1
896	896	6	717479.897	4475183.33	897	895	-1	896	-1	1
897	897	6	717476.897	4475186.33	898	896	-1	897	-1	1
898	898	6	717476.897	4475189.33	899	897	-1	898	-1	1
899	899	6	717476.897	4475192.33	900	898	-1	899	-1	1
900	900	6	717476.897	4475195.33	901	899	-1	900	-1	1
901	901	6	717473.897	4475198.33	902	900	-1	901	-1	1
902	902	6	717470.897	4475201.33	903	901	-1	902	-1	1
903	903	6	717470.897	4475204.33	904	902	-1	903	-1	1
904	904	6	717470.897	4475207.33	905	903	-1	904	-1	1
905	905	6	717470.897	4475210.33	906	904	-1	905	-1	1
906	906	6	717473.897	4475213.33	907	905	-1	906	-1	1
907	907	6	717476.897	4475216.33	908	906	-1	907	-1	1
908	908	6	717476.897	4475219.33	909	907	-1	908	-1	1
909	909	6	717476.897	4475222.33	910	908	-1	909	-1	1
910	910	6	717476.897	4475225.33	911	909	-1	910	-1	1
911	911	6	717476.897	4475228.33	912	910	-1	911	-1	1
912	912	6	717473.897	4475231.33	913	911	-1	912	-1	1
913	913	6	717473.897	4475234.33	914	912	-1	913	-1	1
914	914	6	717473.897	4475237.33	915	913	-1	914	-1	1
915	915	6	717473.897	4475240.33	916	914	-1	915	-1	1
916	916	6	717473.897	4475243.33	917	915	-1	916	-1	1
917	917	6	717473.897	4475246.33	918	916	-1	917	-1	1
918	918	6	717473.897	4475249.33	919	917	-1	918	-1	1
919	919	6	717473.897	4475252.33	920	918	-1	919	-1	1
920	920	6	717473.897	4475255.33	921	919	-1	920	-1	1
921	921	6	717473.897	4475258.33	922	920	-1	921	-1	1
922	922	6	717473.897	4475261.33	923	921	-1	922	-1	1
923	923	6	717473.897	4475264.33	924	922	-1	923	-1	1
924	924	6	717473.897	4475267.33	925	923	-1	924	-1	1
925	925	6	717473.897	4475270.33	926	924	-1	925	-1	1
926	926	6	717473.897	4475273.33	927	925	-1	926	-1	1
927	927	6	717476.897	4475276.33	928	926	-1	927	-1	1
928	928	6	717479.897	4475279.33	929	927	-1	928	-1	1
929	929	6	717479.897	4475282.33	930	928	-1	929	-1	1
930	930	6	717479.897	4475285.33	931	929	-1	930	-1	1
931	931	6	717479.897	4475288.33	932	930	-1	931	-1	1
932	932	6	717479.897	4475291.33	933	931	-1	932	-1	1
933	933	6	717479.897	4475294.33	934	932	-1	933	-1	1
934	934	6	717479.897	4475297.33	935	933	-1	934	-1	1
935	935	6	717482.897	4475300.33	936	934	-1	935	-1	1
936	936	6	717485.897	4475303.33	937	935	-1	936	-1	1
937	937	6	717485.897	4475306.33	938	936	-1	937	-1	1
938	938	6	717485.897	4475309.33	939	937	-1	938	-1	1
939	939	6	717485.897	4475312.33	940	938	-1	939	-1	1
940	940	6	717485.897	4475315.33	941	939	-1	940	-1	1
941	941	6	717488.897	4475318.33	942	940	-1	941	-1	1
942	942	6	717491.897	4475321.33	943	941	-1	942	-1	1
943	943	6	717494.897	4475324.33	944	942	-1	943	-1	1
944	944	6	717494.897	4475327.33	945	943	-1	944	-1	1
945	945	6	717494.897	4475330.33	946	944	-1	945	-1	1
946	946	6	717497.897	4475333.33	947	945	-1	946	-1	1
947	947	6	717500.897	4475336.33	948	946	-1	947	-1	1
948	948	6	717503.897	4475339.33	949	947	-1	948	-1	1
949	949	6	717506.897	4475342.33	950	948	-1	949	-1	1
950	950	6	717506.897	4475345.33	951	949	-1	950	-1	1
951	951	6	717506.897	4475348.33	952	950	-1	951	-1	1
952	952	6	717509.897	4475351.33	953	951	-1	952	-1	1
953	953	6	717509.897	4475354.33	954	952	-1	953	-1	1
954	954	6	717509.897	4475357.33	955	953	-1	954	-1	1
955	955	6	717512.897	4475360.33	956	954	-1	955	-1	1
956	956	6	717512.897	4475363.33	957	955	-1	956	-1	1
957	957	6	717515.897	4475366.33	958	956	-1	957	-1	1
958	958	6	717515.897	4475369.33	959	957	-1	958	-1	1
959	959	6	717515.897	4475372.33	960	958	-1	959	-1	1
960	960	6	717515.897	4475375.33	961	959	-1	960	-1	1
961	961	6	717515.897	4475378.33	962	960	-1	961	-1	1
962	962	6	717515.897	4475381.33	963	961	-1	962	-1	1
963	963	6	717515.897	4475384.33	964	962	-1	963	-1	1
964	964	6	717515.897	4475387.33	965	963	-1	964	-1	1
965	965	6	717515.897	4475390.33	966	964	-1	965	-1	1
966	966	6	717515.897	4475393.33	967	965	-1	966	-1	1
967	967	6	717515.897	4475396.33	968	966	-1	967	-1	1
968	968	6	717515.897	4475399.33	969	967	-1	968	-1	1
969	969	6	717515.897	4475402.33	970	968	-1	969	-1	1
970	970	6	717515.897	4475405.33	971	969	-1	970	-1	1
971	971	6	717512.897	4475408.33	972	970	-1	971	-1	1
972	972	6	717512.897	4475411.33	973	971	-1	972	-1	1
973	973	6	717509.897	4475414.33	974	972	-1	973	-1	1
974	974	6	717506.897	4475417.33	975	973	-1	974	-1	1
975	975	6	717506.897	4475420.33	976	974	-1	975	-1	1
976	976	6	717503.897	4475423.33	977	975	-1	976	-1	1
977	977	6	717500.897	4475426.33	978	976	-1	977	-1	1
978	978	6	717497.897	4475429.33	979	977	-1	978	-1	1
979	979	6	717494.897	4475432.33	980	978	-1	979	-1	1
980	980	6	717491.897	4475435.33	981	979	-1	980	-1	1
981	981	6	717488.897	4475438.33	982	980	-1	981	-1	1
982	982	6	717485.897	4475441.33	983	981	-1	982	-1	1
983	983	6	717482.897	4475444.33	984	982	-1	983	-1	1
984	984	6	717479.897	4475447.33	985	983	-1	984	-1	1
985	985	6	717476.897	4475450.33	986	984	-1	985	-1	1
986	986	6	717473.897	4475453.33	987	985	-1	986	-1	1
987	987	6	717470.897	4475456.33	988	986	-1	987	-1	1
988	988	6	717467.897	4475459.33	989	987	-1	988	-1	1
989	989	6	717464.897	4475462.33	990	988	-1	989	-1	1
990	990	6	717461.897	4475465.33	991	989	-1	990	-1	1
991	991	6	717458.897	4475468.33	992	990	-1	991	-1	1
992	992	6	717455.897	4475471.33	993	991	-1	992	-1	1
993	993	6	717452.897	4475474.33	994	992	-1	993	-1	1
994	994	6	717449.897	4475477.33	995	993	-1	994	-1	1
995	995	6	717446.897	4475480.33	996	994	-1	995	-1	1
996	996	6	717443.897	4475483.33	997	995	-1	996	-1	1
997	997	6	717440.897	4475486.33	998	996	-1	997	-1	1
998	998	6	717437.897	4475489.33	999	997	-1	998	-1	1
999	999	6	717434.897	4475492.33	1000	998	-1	999	-1	1
1000	1000	6	717431.897	4475495.33	1001	999	-1	1000	-1	1
1001	1001	6	717428.897	4475498.33	1002	1000	-1	1001	-1	1
1002	1002	6	717425.897	4475498.33	1003	1001	-1	1002	-1	1
1003	1003	6	717422.897	4475501.33	1004	1002	-1	1003	-1	1
1004	1004	3	717422.897	4475504.33	1344	1003	-1	1004	-1	1
1005	1005	0	718040.897	4475354.33	1006	-1	-1	1005	-1	1
1006	1006	6	718037.897	4475354.33	1007	1005	-1	1006	-1	1
1007	1007	6	718034.897	4475351.33	1008	1006	-1	1007	-1	1
1008	1008	6	718031.897	4475348.33	1009	1007	-1	1008	-1	1
1009	1009	6	718028.897	4475348.33	1010	1008	-1	1009	-1	1
1010	1010	6	718025.897	4475348.33	1011	1009	-1	1010	-1	1
1011	1011	6	718022.897	4475348.33	1012	1010	-1	1011	-1	1
1012	1012	6	718019.897	4475345.33	1013	1011	-1	1012	-1	1
1013	1013	6	718016.897	4475345.33	1014	1012	-1	1013	-1	1
1014	1014	6	718013.897	4475342.33	1015	1013	-1	1014	-1	1
1015	1015	6	718010.897	4475339.33	1016	1014	-1	1015	-1	1
1016	1016	6	718007.897	4475336.33	1017	1015	-1	1016	-1	1
1017	1017	6	718004.897	4475336.33	1018	1016	-1	1017	-1	1
1018	1018	6	718001.897	4475333.33	1019	1017	-1	1018	-1	1
1019	1019	6	717998.897	4475330.33	1020	1018	-1	1019	-1	1
1020	1020	6	717995.897	4475327.33	1021	1019	-1	1020	-1	1
1021	1021	6	717995.897	4475324.33	1022	1020	-1	1021	-1	1
1022	1022	6	717992.897	4475321.33	1023	1021	-1	1022	-1	1
1023	1023	6	717989.897	4475318.33	1024	1022	-1	1023	-1	1
1024	1024	6	717989.897	4475315.33	1025	1023	-1	1024	-1	1
1025	1025	6	717986.897	4475312.33	1026	1024	-1	1025	-1	1
1026	1026	6	717983.897	4475309.33	1027	1025	-1	1026	-1	1
1027	1027	6	717980.897	4475306.33	1028	1026	-1	1027	-1	1
1028	1028	6	717977.897	4475303.33	1029	1027	-1	1028	-1	1
1029	1029	6	717974.897	4475300.33	1030	1028	-1	1029	-1	1
1030	1030	6	717971.897	4475300.33	1031	1029	-1	1030	-1	1
1031	1031	6	717968.897	4475297.33	1032	1030	-1	1031	-1	1
1032	1032	6	717965.897	4475294.33	1033	1031	-1	1032	-1	1
1033	1033	6	717962.897	4475291.33	1034	1032	-1	1033	-1	1
1034	1034	6	717959.897	4475291.33	1035	1033	-1	1034	-1	1
1035	1035	6	717956.897	4475288.33	1036	1034	-1	1035	-1	1
1036	1036	6	717953.897	4475288.33	1037	1035	-1	1036	-1	1
1037	1037	6	717950.897	4475288.33	1038	1036	-1	1037	-1	1
1038	1038	6	717947.897	4475288.33	1039	1037	-1	1038	-1	1
1039	1039	6	717944.897	4475285.33	1040	1038	-1	1039	-1	1
1040	1040	6	717941.897	4475285.33	1041	1039	-1	1040	-1	1
1041	1041	6	717938.897	4475285.33	1042	1040	-1	1041	-1	1
1042	1042	6	717935.897	4475285.33	1043	1041	-1	1042	-1	1
1043	1043	6	717932.897	4475282.33	1044	1042	-1	1043	-1	1
1044	1044	6	717929.897	4475279.33	1045	1043	-1	1044	-1	1
1045	1045	6	717926.897	4475279.33	1046	1044	-1	1045	-1	1
1046	1046	6	717923.897	4475279.33	1047	1045	-1	1046	-1	1
1047	1047	6	717920.897	4475276.33	1048	1046	-1	1047	-1	1
1048	1048	6	717917.897	4475276.33	1049	1047	-1	1048	-1	1
1049	1049	6	717914.897	4475276.33	1050	1048	-1	1049	-1	1
1050	1050	6	717911.897	4475276.33	1051	1049	-1	1050	-1	1
1051	1051	6	717908.897	4475276.33	1052	1050	-1	1051	-1	1
1052	1052	6	717905.897	4475276.33	1053	1051	-1	1052	-1	1
1053	1053	6	717902.897	4475276.33	1054	1052	-1	1053	-1	1
1054	1054	6	717899.897	4475273.33	1055	1053	-1	1054	-1	1
1055	1055	6	717896.897	4475273.33	1056	1054	-1	1055	-1	1
1056	1056	6	717893.897	4475273.33	1057	1055	-1	1056	-1	1
1057	1057	6	717890.897	4475273.33	1058	1056	-1	1057	-1	1
1058	1058	6	717887.897	4475273.33	1059	1057	-1	1058	-1	1
1059	1059	6	717884.897	4475273.33	1060	1058	-1	1059	-1	1
1060	1060	6	717881.897	4475273.33	1061	1059	-1	1060	-1	1
1061	1061	6	717878.897	4475273.33	1062	1060	-1	1061	-1	1
1062	1062	6	717875.897	4475273.33	1063	1061	-1	1062	-1	1
1063	1063	6	717872.897	4475273.33	1064	1062	-1	1063	-1	1
1064	1064	6	717869.897	4475273.33	1065	1063	-1	1064	-1	1
1065	1065	6	717866.897	4475273.33	1066	1064	-1	1065	-1	1
1066	1066	6	717863.897	4475273.33	1067	1065	-1	1066	-1	1
1067	1067	6	717860.897	4475273.33	1068	1066	-1	1067	-1	1
1068	1068	6	717857.897	4475273.33	1069	1067	-1	1068	-1	1
1069	1069	6	717854.897	4475273.33	1070	1068	-1	1069	-1	1
1070	1070	6	717851.897	4475273.33	1071	1069	-1	1070	-1	1
1071	1071	6	717848.897	4475273.33	1072	1070	-1	1071	-1	1
1072	1072	6	717845.897	4475273.33	1073	1071	-1	1072	-1	1
1073	1073	6	717842.897	4475273.33	1074	1072	-1	1073	-1	1
1074	1074	6	717839.897	4475273.33	1075	1073	-1	1074	-1	1
1075	1075	6	717836.897	4475273.33	1076	1074	-1	1075	-1	1
1076	1076	6	717833.897	4475273.33	1077	1075	-1	1076	-1	1
1077	1077	6	717830.897	4475276.33	1078	1076	-1	1077	-1	1
1078	1078	6	717827.897	4475279.33	1079	1077	-1	1078	-1	1
1079	1079	6	717824.897	4475282.33	1080	1078	-1	1079	-1	1
1080	1080	6	717821.897	4475285.33	1081	1079	-1	1080	-1	1
1081	1081	6	717818.897	4475285.33	1082	1080	-1	1081	-1	1
1082	1082	6	717815.897	4475285.33	1083	1081	-1	1082	-1	1
1083	1083	6	717812.897	4475288.33	1084	1082	-1	1083	-1	1
1084	1084	6	717809.897	4475291.33	1085	1083	-1	1084	-1	1
1085	1085	6	717809.897	4475294.33	1086	1084	-1	1085	-1	1
1086	1086	6	717806.897	4475297.33	1087	1085	-1	1086	-1	1
1087	1087	6	717803.897	4475300.33	1088	1086	-1	1087	-1	1
1088	1088	6	717800.897	4475303.33	1089	1087	-1	1088	-1	1
1089	1089	6	717797.897	4475306.33	1090	1088	-1	1089	-1	1
1090	1090	6	717797.897	4475309.33	1091	1089	-1	1090	-1	1
1091	1091	6	717794.897	4475312.33	1092	1090	-1	1091	-1	1
1092	1092	6	717791.897	4475315.33	1093	1091	-1	1092	-1	1
1093	1093	6	717788.897	4475318.33	1094	1092	-1	1093	-1	1
1094	1094	6	717788.897	4475321.33	1095	1093	-1	1094	-1	1
1095	1095	6	717788.897	4475324.33	1096	1094	-1	1095	-1	1
1096	1096	6	717788.897	4475327.33	1097	1095	-1	1096	-1	1
1097	1097	6	717788.897	4475330.33	1098	1096	-1	1097	-1	1
1098	1098	6	717788.897	4475333.33	1099	1097	-1	1098	-1	1
1099	1099	6	717785.897	4475336.33	1100	1098	-1	1099	-1	1
1100	1100	6	717782.897	4475339.33	1101	1099	-1	1100	-1	1
1101	1101	6	717779.897	4475342.33	1102	1100	-1	1101	-1	1
1102	1102	6	717776.897	4475345.33	1103	1101	-1	1102	-1	1
1103	1103	6	717773.897	4475348.33	1104	1102	-1	1103	-1	1
1104	1104	6	717770.897	4475351.33	1105	1103	-1	1104	-1	1
1105	1105	6	717767.897	4475354.33	1106	1104	-1	1105	-1	1
1106	1106	6	717764.897	4475357.33	1107	1105	-1	1106	-1	1
1107	1107	6	717761.897	4475360.33	1108	1106	-1	1107	-1	1
1108	1108	6	717758.897	4475363.33	1109	1107	-1	1108	-1	1
1109	1109	6	717755.897	4475366.33	1110	1108	-1	1109	-1	1
1110	1110	6	717752.897	4475369.33	1111	1109	-1	1110	-1	1
1111	1111	6	717749.897	4475369.33	1112	1110	-1	1111	-1	1
1112	1112	6	717746.897	4475372.33	1113	1111	-1	1112	-1	1
1113	1113	6	717743.897	4475375.33	1114	1112	-1	1113	-1	1
1114	1114	6	717740.897	4475378.33	1115	1113	-1	1114	-1	1
1115	1115	6	717737.897	4475381.33	1116	1114	-1	1115	-1	1
1116	1116	6	717734.897	4475384.33	1117	1115	-1	1116	-1	1
1117	1117	6	717731.897	4475387.33	1118	1116	-1	1117	-1	1
1118	1118	6	717728.897	4475390.33	1119	1117	-1	1118	-1	1
1119	1119	6	717725.897	4475393.33	1120	1118	-1	1119	-1	1
1120	1120	6	717722.897	4475396.33	1121	1119	-1	1120	-1	1
1121	1121	6	717719.897	4475396.33	1122	1120	-1	1121	-1	1
1122	1122	6	717716.897	4475399.33	1123	1121	-1	1122	-1	1
1123	1123	6	717713.897	4475402.33	1124	1122	-1	1123	-1	1
1124	1124	3	717713.897	4475405.33	1205	1123	-1	1124	-1	1
1125	1125	0	717899.897	4475477.33	1126	-1	-1	1125	-1	1
1126	1126	6	717896.897	4475477.33	1127	1125	-1	1126	-1	1
1127	1127	6	717893.897	4475477.33	1128	1126	-1	1127	-1	1
1128	1128	6	717890.897	4475477.33	1129	1127	-1	1128	-1	1
1129	1129	6	717887.897	4475474.33	1130	1128	-1	1129	-1	1
1130	1130	6	717884.897	4475474.33	1131	1129	-1	1130	-1	1
1131	1131	6	717881.897	4475474.33	1132	1130	-1	1131	-1	1
1132	1132	6	717878.897	4475474.33	1133	1131	-1	1132	-1	1
1133	1133	6	717875.897	4475474.33	1134	1132	-1	1133	-1	1
1134	1134	6	717872.897	4475471.33	1135	1133	-1	1134	-1	1
1135	1135	6	717869.897	4475468.33	1136	1134	-1	1135	-1	1
1136	1136	6	717866.897	4475468.33	1137	1135	-1	1136	-1	1
1137	1137	6	717863.897	4475468.33	1138	1136	-1	1137	-1	1
1138	1138	6	717860.897	4475468.33	1139	1137	-1	1138	-1	1
1139	1139	6	717857.897	4475468.33	1140	1138	-1	1139	-1	1
1140	1140	6	717854.897	4475468.33	1141	1139	-1	1140	-1	1
1141	1141	6	717851.897	4475468.33	1142	1140	-1	1141	-1	1
1142	1142	6	717848.897	4475468.33	1143	1141	-1	1142	-1	1
1143	1143	6	717845.897	4475468.33	1144	1142	-1	1143	-1	1
1144	1144	6	717842.897	4475465.33	1145	1143	-1	1144	-1	1
1145	1145	6	717839.897	4475465.33	1146	1144	-1	1145	-1	1
1146	1146	6	717836.897	4475465.33	1147	1145	-1	1146	-1	1
1147	1147	6	717833.897	4475465.33	1148	1146	-1	1147	-1	1
1148	1148	6	717830.897	4475465.33	1149	1147	-1	1148	-1	1
1149	1149	6	717827.897	4475465.33	1150	1148	-1	1149	-1	1
1150	1150	6	717824.897	4475462.33	1151	1149	-1	1150	-1	1
1151	1151	6	717821.897	4475459.33	1152	1150	-1	1151	-1	1
1152	1152	6	717818.897	4475459.33	1153	1151	-1	1152	-1	1
1153	1153	6	717815.897	4475456.33	1154	1152	-1	1153	-1	1
1154	1154	6	717812.897	4475456.33	1155	1153	-1	1154	-1	1
1155	1155	6	717809.897	4475453.33	1156	1154	-1	1155	-1	1
1156	1156	6	717806.897	4475450.33	1157	1155	-1	1156	-1	1
1157	1157	6	717803.897	4475447.33	1158	1156	-1	1157	-1	1
1158	1158	6	717800.897	4475444.33	1159	1157	-1	1158	-1	1
1159	1159	3	717797.897	4475441.33	1172	1158	-1	1159	-1	1
1160	1160	0	717809.897	4475474.33	1161	-1	-1	1160	-1	1
1161	1161	6	717809.897	4475471.33	1162	1160	-1	1161	-1	1
1162	1162	6	717809.897	4475468.33	1163	1161	-1	1162	-1	1
1163	1163	6	717809.897	4475465.33	1164	1162	-1	1163	-1	1
1164	1164	6	717809.897	4475462.33	1165	1163	-1	1164	-1	1
1165	1165	6	717809.897	4475459.33	1166	1164	-1	1165	-1	1
1166	1166	6	717806.897	4475456.33	1167	1165	-1	1166	-1	1
1167	1167	6	717803.897	4475453.33	1168	1166	-1	1167	-1	1
1168	1168	6	717803.897	4475450.33	1169	1167	-1	1168	-1	1
1169	1169	6	717800.897	4475447.33	1170	1168	-1	1169	-1	1
1170	1170	6	717797.897	4475444.33	1171	1169	-1	1170	-1	1
1171	1171	3	717797.897	4475441.33	1172	1170	-1	1159	-1	1
1172	1172	2	717797.897	4475441.33	1173	1171	1159	1159	-1	1
1173	1173	6	717797.897	4475438.33	1174	1172	-1	1173	-1	1
1174	1174	6	717797.897	4475435.33	1175	1173	-1	1174	-1	1
1175	1175	6	717797.897	4475432.33	1176	1174	-1	1175	-1	1
1176	1176	6	717797.897	4475429.33	1177	1175	-1	1176	-1	1
1177	1177	6	717794.897	4475426.33	1178	1176	-1	1177	-1	1
1178	1178	6	717791.897	4475423.33	1179	1177	-1	1178	-1	1
1179	1179	6	717788.897	4475420.33	1180	1178	-1	1179	-1	1
1180	1180	6	717785.897	4475417.33	1181	1179	-1	1180	-1	1
1181	1181	6	717782.897	4475414.33	1182	1180	-1	1181	-1	1
1182	1182	6	717779.897	4475411.33	1183	1181	-1	1182	-1	1
1183	1183	6	717776.897	4475408.33	1184	1182	-1	1183	-1	1
1184	1184	6	717773.897	4475405.33	1185	1183	-1	1184	-1	1
1185	1185	6	717770.897	4475402.33	1186	1184	-1	1185	-1	1
1186	1186	6	717767.897	4475399.33	1187	1185	-1	1186	-1	1
1187	1187	6	717764.897	4475396.33	1188	1186	-1	1187	-1	1
1188	1188	6	717761.897	4475393.33	1189	1187	-1	1188	-1	1
1189	1189	6	717758.897	4475390.33	1190	1188	-1	1189	-1	1
1190	1190	6	717755.897	4475387.33	1191	1189	-1	1190	-1	1
1191	1191	6	717752.897	4475384.33	1192	1190	-1	1191	-1	1
1192	1192	6	717749.897	4475384.33	1193	1191	-1	1192	-1	1
1193	1193	6	717746.897	4475384.33	1194	1192	-1	1193	-1	1
1194	1194	6	717743.897	4475384.33	1195	1193	-1	1194	-1	1
1195	1195	6	717740.897	4475384.33	1196	1194	-1	1195	-1	1
1196	1196	6	717737.897	4475387.33	1197	1195	-1	1196	-1	1
1197	1197	6	717734.897	4475390.33	1198	1196	-1	1197	-1	1
1198	1198	6	717731.897	4475393.33	1199	1197	-1	1198	-1	1
1199	1199	6	717728.897	4475396.33	1200	1198	-1	1199	-1	1
1200	1200	6	717725.897	4475399.33	1201	1199	-1	1200	-1	1
1201	1201	6	717722.897	4475399.33	1202	1200	-1	1201	-1	1
1202	1202	6	717719.897	4475402.33	1203	1201	-1	1202	-1	1
1203	1203	6	717716.897	4475405.33	1204	1202	-1	1203	-1	1
1204	1204	3	717713.897	4475405.33	1205	1203	-1	1124	-1	1
1205	1205	2	717713.897	4475405.33	1206	1204	1124	1124	-1	1
1206	1206	6	717710.897	4475408.33	1207	1205	-1	1206	-1	1
1207	1207	6	717707.897	4475411.33	1208	1206	-1	1207	-1	1
1208	1208	6	717707.897	4475414.33	1209	1207	-1	1208	-1	1
1209	1209	6	717707.897	4475417.33	1210	1208	-1	1209	-1	1
1210	1210	6	717704.897	4475420.33	1211	1209	-1	1210	-1	1
1211	1211	6	717704.897	4475423.33	1212	1210	-1	1211	-1	1
1212	1212	6	717704.897	4475426.33	1213	1211	-1	1212	-1	1
1213	1213	6	717704.897	4475429.33	1214	1212	-1	1213	-1	1
1214	1214	6	717704.897	4475432.33	1215	1213	-1	1214	-1	1
1215	1215	6	717704.897	4475435.33	1216	1214	-1	1215	-1	1
1216	1216	6	717701.897	4475438.33	1217	1215	-1	1216	-1	1
1217	1217	6	717701.897	4475441.33	1218	1216	-1	1217	-1	1
1218	1218	6	717701.897	4475444.33	1219	1217	-1	1218	-1	1
1219	1219	6	717698.897	4475447.33	1220	1218	-1	1219	-1	1
1220	1220	6	717695.897	4475450.33	1221	1219	-1	1220	-1	1
1221	1221	6	717692.897	4475453.33	1222	1220	-1	1221	-1	1
1222	1222	6	717689.897	4475456.33	1223	1221	-1	1222	-1	1
1223	1223	6	717686.897	4475459.33	1224	1222	-1	1223	-1	1
1224	1224	6	717683.897	4475462.33	1225	1223	-1	1224	-1	1
1225	1225	6	717680.897	4475465.33	1226	1224	-1	1225	-1	1
1226	1226	6	717677.897	4475468.33	1227	1225	-1	1226	-1	1
1227	1227	6	717674.897	4475471.33	1228	1226	-1	1227	-1	1
1228	1228	6	717671.897	4475474.33	1229	1227	-1	1228	-1	1
1229	1229	6	717668.897	4475474.33	1230	1228	-1	1229	-1	1
1230	1230	6	717665.897	4475471.33	1231	1229	-1	1230	-1	1
1231	1231	6	717662.897	4475471.33	1232	1230	-1	1231	-1	1
1232	1232	6	717659.897	4475468.33	1233	1231	-1	1232	-1	1
1233	1233	6	717656.897	4475465.33	1234	1232	-1	1233	-1	1
1234	1234	6	717653.897	4475465.33	1235	1233	-1	1234	-1	1
1235	1235	6	717650.897	4475462.33	1236	1234	-1	1235	-1	1
1236	1236	6	717647.897	4475459.33	1237	1235	-1	1236	-1	1
1237	1237	6	717644.897	4475456.33	1238	1236	-1	1237	-1	1
1238	1238	6	717641.897	4475453.33	1239	1237	-1	1238	-1	1
1239	1239	6	717638.897	4475450.33	1240	1238	-1	1239	-1	1
1240	1240	6	717635.897	4475450.33	1241	1239	-1	1240	-1	1
1241	1241	6	717632.897	4475447.33	1242	1240	-1	1241	-1	1
1242	1242	6	717629.897	4475444.33	1243	1241	-1	1242	-1	1
1243	1243	6	717626.897	4475441.33	1244	1242	-1	1243	-1	1
1244	1244	6	717623.897	4475441.33	1245	1243	-1	1244	-1	1
1245	1245	6	717620.897	4475441.33	1246	1244	-1	1245	-1	1
1246	1246	6	717617.897	4475438.33	1247	1245	-1	1246	-1	1
1247	1247	6	717614.897	4475435.33	1248	1246	-1	1247	-1	1
1248	1248	6	717611.897	4475435.33	1249	1247	-1	1248	-1	1
1249	1249	6	717608.897	4475435.33	1250	1248	-1	1249	-1	1
1250	1250	6	717605.897	4475432.33	1251	1249	-1	1250	-1	1
1251	1251	6	717602.897	4475429.33	1252	1250	-1	1251	-1	1
1252	1252	6	717599.897	4475429.33	1253	1251	-1	1252	-1	1
1253	1253	6	717596.897	4475429.33	1254	1252	-1	1253	-1	1
1254	1254	6	717593.897	4475426.33	1255	1253	-1	1254	-1	1
1255	1255	6	717590.897	4475423.33	1256	1254	-1	1255	-1	1
1256	1256	6	717587.897	4475423.33	1257	1255	-1	1256	-1	1
1257	1257	6	717584.897	4475420.33	1258	1256	-1	1257	-1	1
1258	1258	6	717581.897	4475420.33	1259	1257	-1	1258	-1	1
1259	1259	6	717578.897	4475420.33	1260	1258	-1	1259	-1	1
1260	1260	6	717575.897	4475420.33	1261	1259	-1	1260	-1	1
1261	1261	6	717572.897	4475420.33	1262	1260	-1	1261	-1	1
1262	1262	6	717569.897	4475420.33	1263	1261	-1	1262	-1	1
1263	1263	6	717566.897	4475420.33	1264	1262	-1	1263	-1	1
1264	1264	6	717563.897	4475420.33	1265	1263	-1	1264	-1	1
1265	1265	6	717560.897	4475420.33	1266	1264	-1	1265	-1	1
1266	1266	6	717557.897	4475420.33	1267	1265	-1	1266	-1	1
1267	1267	6	717554.897	4475420.33	1268	1266	-1	1267	-1	1
1268	1268	6	717551.897	4475420.33	1269	1267	-1	1268	-1	1
1269	1269	6	717548.897	4475420.33	1270	1268	-1	1269	-1	1
1270	1270	6	717545.897	4475420.33	1271	1269	-1	1270	-1	1
1271	1271	6	717542.897	4475420.33	1272	1270	-1	1271	-1	1
1272	1272	6	717539.897	4475423.33	1273	1271	-1	1272	-1	1
1273	1273	6	717536.897	4475423.33	1274	1272	-1	1273	-1	1
1274	1274	6	717533.897	4475423.33	1275	1273	-1	1274	-1	1
1275	1275	6	717530.897	4475423.33	1276	1274	-1	1275	-1	1
1276	1276	6	717527.897	4475426.33	1277	1275	-1	1276	-1	1
1277	1277	6	717524.897	4475426.33	1278	1276	-1	1277	-1	1
1278	1278	6	717521.897	4475426.33	1279	1277	-1	1278	-1	1
1279	1279	6	717518.897	4475426.33	1280	1278	-1	1279	-1	1
1280	1280	6	717515.897	4475426.33	1281	1279	-1	1280	-1	1
1281	1281	6	717512.897	4475429.33	1282	1280	-1	1281	-1	1
1282	1282	6	717509.897	4475429.33	1283	1281	-1	1282	-1	1
1283	1283	6	717506.897	4475429.33	1284	1282	-1	1283	-1	1
1284	1284	6	717503.897	4475429.33	1285	1283	-1	1284	-1	1
1285	1285	6	717500.897	4475432.33	1286	1284	-1	1285	-1	1
1286	1286	3	717497.897	4475435.33	1318	1285	-1	1286	-1	1
1287	1287	0	717572.897	4475513.33	1288	-1	-1	1287	-1	1
1288	1288	6	717572.897	4475510.33	1289	1287	-1	1288	-1	1
1289	1289	6	717569.897	4475507.33	1290	1288	-1	1289	-1	1
1290	1290	6	717569.897	4475504.33	1291	1289	-1	1290	-1	1
1291	1291	6	717566.897	4475501.33	1292	1290	-1	1291	-1	1
1292	1292	6	717563.897	4475498.33	1293	1291	-1	1292	-1	1
1293	1293	6	717563.897	4475495.33	1294	1292	-1	1293	-1	1
1294	1294	6	717563.897	4475492.33	1295	1293	-1	1294	-1	1
1295	1295	6	717563.897	4475489.33	1296	1294	-1	1295	-1	1
1296	1296	6	717560.897	4475486.33	1297	1295	-1	1296	-1	1
1297	1297	6	717557.897	4475483.33	1298	1296	-1	1297	-1	1
1298	1298	6	717554.897	4475480.33	1299	1297	-1	1298	-1	1
1299	1299	6	717551.897	4475477.33	1300	1298	-1	1299	-1	1
1300	1300	6	717548.897	4475474.33	1301	1299	-1	1300	-1	1
1301	1301	6	717545.897	4475471.33	1302	1300	-1	1301	-1	1
1302	1302	6	717542.897	4475468.33	1303	1301	-1	1302	-1	1
1303	1303	6	717539.897	4475465.33	1304	1302	-1	1303	-1	1
1304	1304	6	717536.897	4475462.33	1305	1303	-1	1304	-1	1
1305	1305	6	717533.897	4475459.33	1306	1304	-1	1305	-1	1
1306	1306	6	717530.897	4475456.33	1307	1305	-1	1306	-1	1
1307	1307	6	717527.897	4475453.33	1308	1306	-1	1307	-1	1
1308	1308	6	717524.897	4475450.33	1309	1307	-1	1308	-1	1
1309	1309	6	717521.897	4475447.33	1310	1308	-1	1309	-1	1
1310	1310	6	717518.897	4475444.33	1311	1309	-1	1310	-1	1
1311	1311	6	717515.897	4475441.33	1312	1310	-1	1311	-1	1
1312	1312	6	717512.897	4475438.33	1313	1311	-1	1312	-1	1
1313	1313	6	717509.897	4475435.33	1314	1312	-1	1313	-1	1
1314	1314	6	717506.897	4475435.33	1315	1313	-1	1314	-1	1
1315	1315	6	717503.897	4475435.33	1316	1314	-1	1315	-1	1
1316	1316	6	717500.897	4475435.33	1317	1315	-1	1316	-1	1
1317	1317	3	717497.897	4475435.33	1318	1316	-1	1286	-1	1
1318	1318	2	717497.897	4475435.33	1319	1317	1286	1286	-1	1
1319	1319	6	717494.897	4475438.33	1320	1318	-1	1319	-1	1
1320	1320	6	717491.897	4475441.33	1321	1319	-1	1320	-1	1
1321	1321	6	717488.897	4475444.33	1322	1320	-1	1321	-1	1
1322	1322	6	717485.897	4475447.33	1323	1321	-1	1322	-1	1
1323	1323	6	717482.897	4475450.33	1324	1322	-1	1323	-1	1
1324	1324	6	717479.897	4475453.33	1325	1323	-1	1324	-1	1
1325	1325	6	717476.897	4475456.33	1326	1324	-1	1325	-1	1
1326	1326	6	717473.897	4475459.33	1327	1325	-1	1326	-1	1
1327	1327	6	717470.897	4475462.33	1328	1326	-1	1327	-1	1
1328	1328	6	717467.897	4475465.33	1329	1327	-1	1328	-1	1
1329	1329	6	717464.897	4475468.33	1330	1328	-1	1329	-1	1
1330	1330	6	717461.897	4475471.33	1331	1329	-1	1330	-1	1
1331	1331	6	717458.897	4475474.33	1332	1330	-1	1331	-1	1
1332	1332	6	717455.897	4475477.33	1333	1331	-1	1332	-1	1
1333	1333	6	717452.897	4475480.33	1334	1332	-1	1333	-1	1
1334	1334	6	717449.897	4475483.33	1335	1333	-1	1334	-1	1
1335	1335	6	717446.897	4475486.33	1336	1334	-1	1335	-1	1
1336	1336	6	717443.897	4475489.33	1337	1335	-1	1336	-1	1
1337	1337	6	717440.897	4475492.33	1338	1336	-1	1337	-1	1
1338	1338	6	717437.897	4475495.33	1339	1337	-1	1338	-1	1
1339	1339	6	717434.897	4475498.33	1340	1338	-1	1339	-1	1
1340	1340	6	717431.897	4475501.33	1341	1339	-1	1340	-1	1
1341	1341	6	717428.897	4475501.33	1342	1340	-1	1341	-1	1
1342	1342	6	717425.897	4475504.33	1343	1341	-1	1342	-1	1
1343	1343	3	717422.897	4475504.33	1344	1342	-1	1004	-1	1
1344	1344	2	717422.897	4475504.33	1345	1343	1004	1004	-1	1
1345	1345	6	717419.897	4475507.33	1346	1344	-1	1345	-1	1
1346	1346	6	717416.897	4475507.33	1347	1345	-1	1346	-1	1
1347	1347	6	717413.897	4475507.33	1348	1346	-1	1347	-1	1
1348	1348	6	717410.897	4475507.33	1349	1347	-1	1348	-1	1
1349	1349	6	717407.897	4475510.33	1350	1348	-1	1349	-1	1
1350	1350	6	717404.897	4475513.33	1351	1349	-1	1350	-1	1
1351	1351	6	717401.897	4475516.33	1352	1350	-1	1351	-1	1
1352	1352	6	717398.897	4475519.33	1353	1351	-1	1352	-1	1
1353	1353	6	717395.897	4475522.33	1354	1352	-1	1353	-1	1
1354	1354	6	717392.897	4475525.33	1355	1353	-1	1354	-1	1
1355	1355	6	717389.897	4475528.33	1356	1354	-1	1355	-1	1
1356	1356	6	717386.897	4475531.33	1357	1355	-1	1356	-1	1
1357	1357	6	717383.897	4475534.33	1358	1356	-1	1357	-1	1
1358	1358	6	717380.897	4475537.33	1359	1357	-1	1358	-1	1
1359	1359	6	717377.897	4475540.33	1360	1358	-1	1359	-1	1
1360	1360	6	717374.897	4475543.33	1361	1359	-1	1360	-1	1
1361	1361	6	717371.897	4475546.33	1362	1360	-1	1361	-1	1
1362	1362	6	717368.897	4475549.33	1363	1361	-1	1362	-1	1
1363	1363	6	717365.897	4475552.33	1364	1362	-1	1363	-1	1
1364	1364	6	717362.897	4475555.33	1365	1363	-1	1364	-1	1
1365	1365	6	717359.897	4475555.33	1366	1364	-1	1365	-1	1
1366	1366	6	717356.897	4475558.33	1367	1365	-1	1366	-1	1
1367	1367	6	717353.897	4475558.33	1368	1366	-1	1367	-1	1
1368	1368	6	717350.897	4475561.33	1369	1367	-1	1368	-1	1
1369	1369	6	717347.897	4475564.33	1370	1368	-1	1369	-1	1
1370	1370	6	717347.897	4475567.33	1371	1369	-1	1370	-1	1
1371	1371	6	717344.897	4475570.33	1372	1370	-1	1371	-1	1
1372	1372	6	717341.897	4475573.33	1373	1371	-1	1372	-1	1
1373	1373	6	717338.897	4475576.33	1374	1372	-1	1373	-1	1
1374	1374	6	717335.897	4475579.33	1375	1373	-1	1374	-1	1
1375	1375	6	717332.897	4475579.33	1376	1374	-1	1375	-1	1
1376	1376	6	717329.897	4475582.33	1377	1375	-1	1376	-1	1
1377	1377	6	717326.897	4475585.33	1378	1376	-1	1377	-1	1
1378	1378	6	717326.897	4475588.33	1379	1377	-1	1378	-1	1
1379	1379	6	717323.897	4475591.33	1380	1378	-1	1379	-1	1
1380	1380	6	717320.897	4475591.33	1381	1379	-1	1380	-1	1
1381	1381	6	717317.897	4475594.33	1382	1380	-1	1381	-1	1
1382	1382	6	717314.897	4475597.33	1383	1381	-1	1382	-1	1
1383	1383	6	717311.897	4475600.33	1384	1382	-1	1383	-1	1
1384	1384	6	717311.897	4475603.33	1385	1383	-1	1384	-1	1
1385	1385	6	717308.897	4475606.33	1386	1384	-1	1385	-1	1
1386	1386	6	717305.897	4475609.33	1387	1385	-1	1386	-1	1
1387	1387	3	717302.897	4475612.33	1388	1386	-1	877	-1	1
1388	1388	2	717302.897	4475612.33	1389	1387	877	877	-1	1
1389	1389	6	717302.897	4475615.33	1390	1388	-1	1389	-1	1
1390	1390	6	717299.897	4475618.33	1391	1389	-1	1390	-1	1
1391	1391	6	717299.897	4475621.33	1392	1390	-1	1391	-1	1
1392	1392	6	717299.897	4475624.33	1393	1391	-1	1392	-1	1
1393	1393	6	717296.897	4475627.33	1394	1392	-1	1393	-1	1
1394	1394	6	717296.897	4475630.33	1395	1393	-1	1394	-1	1
1395	1395	6	717296.897	4475633.33	1396	1394	-1	1395	-1	1
1396	1396	6	717296.897	4475636.33	1397	1395	-1	1396	-1	1
1397	1397	6	717296.897	4475639.33	1398	1396	-1	1397	-1	1
1398	1398	6	717296.897	4475642.33	1399	1397	-1	1398	-1	1
1399	1399	6	717293.897	4475645.33	1400	1398	-1	1399	-1	1
1400	1400	6	717293.897	4475648.33	1401	1399	-1	1400	-1	1
1401	1401	6	717293.897	4475651.33	1402	1400	-1	1401	-1	1
1402	1402	6	717293.897	4475654.33	1403	1401	-1	1402	-1	1
1403	1403	6	717293.897	4475657.33	1404	1402	-1	1403	-1	1
1404	1404	6	717293.897	4475660.33	1405	1403	-1	1404	-1	1
1405	1405	6	717293.897	4475663.33	1406	1404	-1	1405	-1	1
1406	1406	6	717293.897	4475666.33	1407	1405	-1	1406	-1	1
1407	1407	6	717293.897	4475669.33	1408	1406	-1	1407	-1	1
1408	1408	6	717293.897	4475672.33	1409	1407	-1	1408	-1	1
1409	1409	6	717293.897	4475675.33	1410	1408	-1	1409	-1	1
1410	1410	6	717293.897	4475678.33	1411	1409	-1	1410	-1	1
1411	1411	6	717293.897	4475681.33	1412	1410	-1	1411	-1	1
1412	1412	6	717293.897	4475684.33	1413	1411	-1	1412	-1	1
1413	1413	6	717293.897	4475687.33	1414	1412	-1	1413	-1	1
1414	1414	6	717293.897	4475690.33	1415	1413	-1	1414	-1	1
1415	1415	6	717293.897	4475693.33	1416	1414	-1	1415	-1	1
1416	1416	6	717293.897	4475696.33	1417	1415	-1	1416	-1	1
1417	1417	6	717296.897	4475699.33	1418	1416	-1	1417	-1	1
1418	1418	6	717299.897	4475702.33	1419	1417	-1	1418	-1	1
1419	1419	6	717299.897	4475705.33	1420	1418	-1	1419	-1	1
1420	1420	6	717299.897	4475708.33	1421	1419	-1	1420	-1	1
1421	1421	6	717299.897	4475711.33	1422	1420	-1	1421	-1	1
1422	1422	6	717299.897	4475714.33	1423	1421	-1	1422	-1	1
1423	1423	6	717299.897	4475717.33	1424	1422	-1	1423	-1	1
1424	1424	6	717299.897	4475720.33	1425	1423	-1	1424	-1	1
1425	1425	6	717299.897	4475723.33	1426	1424	-1	1425	-1	1
1426	1426	6	717302.897	4475726.33	1427	1425	-1	1426	-1	1
1427	1427	6	717305.897	4475729.33	1428	1426	-1	1427	-1	1
1428	1428	6	717305.897	4475732.33	1429	1427	-1	1428	-1	1
1429	1429	6	717308.897	4475735.33	1430	1428	-1	1429	-1	1
1430	1430	6	717311.897	4475738.33	1431	1429	-1	1430	-1	1
1431	1431	6	717314.897	4475741.33	1432	1430	-1	1431	-1	1
1432	1432	6	717314.897	4475744.33	1433	1431	-1	1432	-1	1
1433	1433	6	717314.897	4475747.33	1434	1432	-1	1433	-1	1
1434	1434	6	717314.897	4475750.33	1435	1433	-1	1434	-1	1
1435	1435	6	717314.897	4475753.33	1436	1434	-1	1435	-1	1
1436	1436	6	717317.897	4475756.33	1437	1435	-1	1436	-1	1
1437	1437	6	717317.897	4475759.33	1438	1436	-1	1437	-1	1
1438	1438	6	717317.897	4475762.33	1439	1437	-1	1438	-1	1
1439	1439	6	717320.897	4475765.33	1440	1438	-1	1439	-1	1
1440	1440	6	717320.897	4475768.33	1441	1439	-1	1440	-1	1
1441	1441	6	717320.897	4475771.33	1442	1440	-1	1441	-1	1
1442	1442	6	717320.897	4475774.33	1443	1441	-1	1442	-1	1
1443	1443	6	717320.897	4475777.33	1444	1442	-1	1443	-1	1
1444	1444	6	717320.897	4475780.33	1445	1443	-1	1444	-1	1
1445	1445	6	717317.897	4475783.33	1446	1444	-1	1445	-1	1
1446	1446	6	717317.897	4475786.33	1447	1445	-1	1446	-1	1
1447	1447	6	717317.897	4475789.33	1448	1446	-1	1447	-1	1
1448	1448	3	717317.897	4475792.33	1648	1447	-1	1448	-1	1
1449	1449	0	717776.897	4475867.33	1450	-1	-1	1449	-1	1
1450	1450	6	717776.897	4475870.33	1451	1449	-1	1450	-1	1
1451	1451	6	717773.897	4475873.33	1452	1450	-1	1451	-1	1
1452	1452	6	717770.897	4475876.33	1453	1451	-1	1452	-1	1
1453	1453	6	717767.897	4475879.33	1454	1452	-1	1453	-1	1
1454	1454	6	717764.897	4475882.33	1455	1453	-1	1454	-1	1
1455	1455	6	717761.897	4475885.33	1456	1454	-1	1455	-1	1
1456	1456	6	717758.897	4475885.33	1457	1455	-1	1456	-1	1
1457	1457	6	717755.897	4475885.33	1458	1456	-1	1457	-1	1
1458	1458	6	717752.897	4475885.33	1459	1457	-1	1458	-1	1
1459	1459	6	717749.897	4475885.33	1460	1458	-1	1459	-1	1
1460	1460	6	717746.897	4475885.33	1461	1459	-1	1460	-1	1
1461	1461	6	717743.897	4475885.33	1462	1460	-1	1461	-1	1
1462	1462	6	717740.897	4475885.33	1463	1461	-1	1462	-1	1
1463	1463	6	717737.897	4475885.33	1464	1462	-1	1463	-1	1
1464	1464	6	717734.897	4475885.33	1465	1463	-1	1464	-1	1
1465	1465	6	717731.897	4475885.33	1466	1464	-1	1465	-1	1
1466	1466	6	717728.897	4475885.33	1467	1465	-1	1466	-1	1
1467	1467	6	717725.897	4475885.33	1468	1466	-1	1467	-1	1
1468	1468	6	717722.897	4475885.33	1469	1467	-1	1468	-1	1
1469	1469	6	717719.897	4475885.33	1470	1468	-1	1469	-1	1
1470	1470	6	717716.897	4475885.33	1471	1469	-1	1470	-1	1
1471	1471	6	717713.897	4475885.33	1472	1470	-1	1471	-1	1
1472	1472	6	717710.897	4475885.33	1473	1471	-1	1472	-1	1
1473	1473	6	717707.897	4475882.33	1474	1472	-1	1473	-1	1
1474	1474	6	717704.897	4475882.33	1475	1473	-1	1474	-1	1
1475	1475	6	717701.897	4475879.33	1476	1474	-1	1475	-1	1
1476	1476	6	717698.897	4475879.33	1477	1475	-1	1476	-1	1
1477	1477	6	717695.897	4475876.33	1478	1476	-1	1477	-1	1
1478	1478	6	717692.897	4475876.33	1479	1477	-1	1478	-1	1
1479	1479	6	717689.897	4475876.33	1480	1478	-1	1479	-1	1
1480	1480	6	717686.897	4475873.33	1481	1479	-1	1480	-1	1
1481	1481	6	717683.897	4475873.33	1482	1480	-1	1481	-1	1
1482	1482	6	717680.897	4475873.33	1483	1481	-1	1482	-1	1
1483	1483	6	717677.897	4475870.33	1484	1482	-1	1483	-1	1
1484	1484	6	717674.897	4475870.33	1485	1483	-1	1484	-1	1
1485	1485	6	717671.897	4475870.33	1486	1484	-1	1485	-1	1
1486	1486	6	717668.897	4475867.33	1487	1485	-1	1486	-1	1
1487	1487	6	717665.897	4475867.33	1488	1486	-1	1487	-1	1
1488	1488	6	717662.897	4475867.33	1489	1487	-1	1488	-1	1
1489	1489	6	717659.897	4475864.33	1490	1488	-1	1489	-1	1
1490	1490	6	717656.897	4475864.33	1491	1489	-1	1490	-1	1
1491	1491	6	717653.897	4475864.33	1492	1490	-1	1491	-1	1
1492	1492	6	717650.897	4475864.33	1493	1491	-1	1492	-1	1
1493	1493	6	717647.897	4475861.33	1494	1492	-1	1493	-1	1
1494	1494	6	717644.897	4475861.33	1495	1493	-1	1494	-1	1
1495	1495	6	717641.897	4475861.33	1496	1494	-1	1495	-1	1
1496	1496	6	717638.897	4475861.33	1497	1495	-1	1496	-1	1
1497	1497	6	717635.897	4475858.33	1498	1496	-1	1497	-1	1
1498	1498	6	717632.897	4475858.33	1499	1497	-1	1498	-1	1
1499	1499	6	717629.897	4475855.33	1500	1498	-1	1499	-1	1
1500	1500	6	717626.897	4475855.33	1501	1499	-1	1500	-1	1
1501	1501	3	717623.897	4475855.33	1545	1500	-1	1501	-1	1
1502	1502	0	717734.897	4475972.33	1503	-1	-1	1502	-1	1
1503	1503	6	717731.897	4475969.33	1504	1502	-1	1503	-1	1
1504	1504	6	717728.897	4475966.33	1505	1503	-1	1504	-1	1
1505	1505	6	717725.897	4475963.33	1506	1504	-1	1505	-1	1
1506	1506	6	717722.897	4475960.33	1507	1505	-1	1506	-1	1
1507	1507	6	717719.897	4475957.33	1508	1506	-1	1507	-1	1
1508	1508	6	717716.897	4475954.33	1509	1507	-1	1508	-1	1
1509	1509	6	717716.897	4475951.33	1510	1508	-1	1509	-1	1
1510	1510	6	717713.897	4475948.33	1511	1509	-1	1510	-1	1
1511	1511	6	717713.897	4475945.33	1512	1510	-1	1511	-1	1
1512	1512	6	717710.897	4475942.33	1513	1511	-1	1512	-1	1
1513	1513	6	717707.897	4475939.33	1514	1512	-1	1513	-1	1
1514	1514	6	717704.897	4475936.33	1515	1513	-1	1514	-1	1
1515	1515	6	717701.897	4475933.33	1516	1514	-1	1515	-1	1
1516	1516	6	717698.897	4475930.33	1517	1515	-1	1516	-1	1
1517	1517	6	717698.897	4475927.33	1518	1516	-1	1517	-1	1
1518	1518	6	717695.897	4475924.33	1519	1517	-1	1518	-1	1
1519	1519	6	717692.897	4475921.33	1520	1518	-1	1519	-1	1
1520	1520	6	717689.897	4475918.33	1521	1519	-1	1520	-1	1
1521	1521	6	717686.897	4475915.33	1522	1520	-1	1521	-1	1
1522	1522	6	717683.897	4475912.33	1523	1521	-1	1522	-1	1
1523	1523	6	717680.897	4475909.33	1524	1522	-1	1523	-1	1
1524	1524	6	717677.897	4475909.33	1525	1523	-1	1524	-1	1
1525	1525	6	717674.897	4475906.33	1526	1524	-1	1525	-1	1
1526	1526	6	717674.897	4475903.33	1527	1525	-1	1526	-1	1
1527	1527	6	717671.897	4475900.33	1528	1526	-1	1527	-1	1
1528	1528	6	717668.897	4475897.33	1529	1527	-1	1528	-1	1
1529	1529	6	717665.897	4475894.33	1530	1528	-1	1529	-1	1
1530	1530	6	717662.897	4475891.33	1531	1529	-1	1530	-1	1
1531	1531	6	717659.897	4475888.33	1532	1530	-1	1531	-1	1
1532	1532	6	717656.897	4475885.33	1533	1531	-1	1532	-1	1
1533	1533	6	717653.897	4475882.33	1534	1532	-1	1533	-1	1
1534	1534	6	717650.897	4475879.33	1535	1533	-1	1534	-1	1
1535	1535	6	717647.897	4475876.33	1536	1534	-1	1535	-1	1
1536	1536	6	717644.897	4475876.33	1537	1535	-1	1536	-1	1
1537	1537	6	717641.897	4475873.33	1538	1536	-1	1537	-1	1
1538	1538	6	717638.897	4475870.33	1539	1537	-1	1538	-1	1
1539	1539	6	717638.897	4475867.33	1540	1538	-1	1539	-1	1
1540	1540	6	717635.897	4475864.33	1541	1539	-1	1540	-1	1
1541	1541	6	717632.897	4475861.33	1542	1540	-1	1541	-1	1
1542	1542	6	717629.897	4475861.33	1543	1541	-1	1542	-1	1
1543	1543	6	717626.897	4475858.33	1544	1542	-1	1543	-1	1
1544	1544	3	717623.897	4475855.33	1545	1543	-1	1501	-1	1
1545	1545	2	717623.897	4475855.33	1546	1544	1501	1501	-1	1
1546	1546	6	717620.897	4475852.33	1547	1545	-1	1546	-1	1
1547	1547	6	717617.897	4475849.33	1548	1546	-1	1547	-1	1
1548	1548	6	717614.897	4475846.33	1549	1547	-1	1548	-1	1
1549	1549	6	717611.897	4475843.33	1550	1548	-1	1549	-1	1
1550	1550	6	717608.897	4475843.33	1551	1549	-1	1550	-1	1
1551	1551	6	717605.897	4475840.33	1552	1550	-1	1551	-1	1
1552	1552	6	717602.897	4475840.33	1553	1551	-1	1552	-1	1
1553	1553	6	717599.897	4475837.33	1554	1552	-1	1553	-1	1
1554	1554	6	717596.897	4475834.33	1555	1553	-1	1554	-1	1
1555	1555	6	717593.897	4475831.33	1556	1554	-1	1555	-1	1
1556	1556	6	717590.897	4475828.33	1557	1555	-1	1556	-1	1
1557	1557	6	717587.897	4475825.33	1558	1556	-1	1557	-1	1
1558	1558	6	717584.897	4475822.33	1559	1557	-1	1558	-1	1
1559	1559	6	717581.897	4475819.33	1560	1558	-1	1559	-1	1
1560	1560	6	717578.897	4475816.33	1561	1559	-1	1560	-1	1
1561	1561	6	717575.897	4475813.33	1562	1560	-1	1561	-1	1
1562	1562	6	717572.897	4475810.33	1563	1561	-1	1562	-1	1
1563	1563	6	717569.897	4475807.33	1564	1562	-1	1563	-1	1
1564	1564	6	717566.897	4475804.33	1565	1563	-1	1564	-1	1
1565	1565	6	717563.897	4475801.33	1566	1564	-1	1565	-1	1
1566	1566	6	717560.897	4475801.33	1567	1565	-1	1566	-1	1
1567	1567	6	717557.897	4475801.33	1568	1566	-1	1567	-1	1
1568	1568	6	717554.897	4475801.33	1569	1567	-1	1568	-1	1
1569	1569	6	717551.897	4475801.33	1570	1568	-1	1569	-1	1
1570	1570	6	717548.897	4475801.33	1571	1569	-1	1570	-1	1
1571	1571	6	717545.897	4475801.33	1572	1570	-1	1571	-1	1
1572	1572	6	717542.897	4475801.33	1573	1571	-1	1572	-1	1
1573	1573	6	717539.897	4475801.33	1574	1572	-1	1573	-1	1
1574	1574	6	717536.897	4475801.33	1575	1573	-1	1574	-1	1
1575	1575	6	717533.897	4475801.33	1576	1574	-1	1575	-1	1
1576	1576	6	717530.897	4475801.33	1577	1575	-1	1576	-1	1
1577	1577	6	717527.897	4475801.33	1578	1576	-1	1577	-1	1
1578	1578	6	717524.897	4475801.33	1579	1577	-1	1578	-1	1
1579	1579	6	717521.897	4475801.33	1580	1578	-1	1579	-1	1
1580	1580	6	717518.897	4475801.33	1581	1579	-1	1580	-1	1
1581	1581	6	717515.897	4475804.33	1582	1580	-1	1581	-1	1
1582	1582	6	717512.897	4475804.33	1583	1581	-1	1582	-1	1
1583	1583	6	717509.897	4475807.33	1584	1582	-1	1583	-1	1
1584	1584	6	717506.897	4475807.33	1585	1583	-1	1584	-1	1
1585	1585	6	717503.897	4475810.33	1586	1584	-1	1585	-1	1
1586	1586	6	717500.897	4475810.33	1587	1585	-1	1586	-1	1
1587	1587	6	717497.897	4475813.33	1588	1586	-1	1587	-1	1
1588	1588	6	717494.897	4475813.33	1589	1587	-1	1588	-1	1
1589	1589	6	717491.897	4475813.33	1590	1588	-1	1589	-1	1
1590	1590	6	717488.897	4475813.33	1591	1589	-1	1590	-1	1
1591	1591	6	717485.897	4475813.33	1592	1590	-1	1591	-1	1
1592	1592	6	717482.897	4475813.33	1593	1591	-1	1592	-1	1
1593	1593	6	717479.897	4475813.33	1594	1592	-1	1593	-1	1
1594	1594	6	717476.897	4475813.33	1595	1593	-1	1594	-1	1
1595	1595	6	717473.897	4475813.33	1596	1594	-1	1595	-1	1
1596	1596	6	717470.897	4475813.33	1597	1595	-1	1596	-1	1
1597	1597	6	717467.897	4475813.33	1598	1596	-1	1597	-1	1
1598	1598	6	717464.897	4475813.33	1599	1597	-1	1598	-1	1
1599	1599	6	717461.897	4475813.33	1600	1598	-1	1599	-1	1
1600	1600	6	717458.897	4475813.33	1601	1599	-1	1600	-1	1
1601	1601	6	717455.897	4475810.33	1602	1600	-1	1601	-1	1
1602	1602	6	717452.897	4475807.33	1603	1601	-1	1602	-1	1
1603	1603	6	717449.897	4475804.33	1604	1602	-1	1603	-1	1
1604	1604	6	717446.897	4475801.33	1605	1603	-1	1604	-1	1
1605	1605	6	717443.897	4475798.33	1606	1604	-1	1605	-1	1
1606	1606	6	717440.897	4475798.33	1607	1605	-1	1606	-1	1
1607	1607	6	717437.897	4475798.33	1608	1606	-1	1607	-1	1
1608	1608	6	717434.897	4475798.33	1609	1607	-1	1608	-1	1
1609	1609	6	717431.897	4475798.33	1610	1608	-1	1609	-1	1
1610	1610	6	717428.897	4475798.33	1611	1609	-1	1610	-1	1
1611	1611	6	717425.897	4475798.33	1612	1610	-1	1611	-1	1
1612	1612	6	717422.897	4475798.33	1613	1611	-1	1612	-1	1
1613	1613	6	717419.897	4475798.33	1614	1612	-1	1613	-1	1
1614	1614	6	717416.897	4475798.33	1615	1613	-1	1614	-1	1
1615	1615	6	717413.897	4475798.33	1616	1614	-1	1615	-1	1
1616	1616	6	717410.897	4475798.33	1617	1615	-1	1616	-1	1
1617	1617	6	717407.897	4475798.33	1618	1616	-1	1617	-1	1
1618	1618	6	717404.897	4475798.33	1619	1617	-1	1618	-1	1
1619	1619	6	717401.897	4475798.33	1620	1618	-1	1619	-1	1
1620	1620	6	717398.897	4475798.33	1621	1619	-1	1620	-1	1
1621	1621	6	717395.897	4475798.33	1622	1620	-1	1621	-1	1
1622	1622	6	717392.897	4475798.33	1623	1621	-1	1622	-1	1
1623	1623	6	717389.897	4475795.33	1624	1622	-1	1623	-1	1
1624	1624	6	717386.897	4475795.33	1625	1623	-1	1624	-1	1
1625	1625	6	717383.897	4475795.33	1626	1624	-1	1625	-1	1
1626	1626	6	717380.897	4475795.33	1627	1625	-1	1626	-1	1
1627	1627	6	717377.897	4475792.33	1628	1626	-1	1627	-1	1
1628	1628	6	717374.897	4475789.33	1629	1627	-1	1628	-1	1
1629	1629	6	717371.897	4475786.33	1630	1628	-1	1629	-1	1
1630	1630	6	717368.897	4475783.33	1631	1629	-1	1630	-1	1
1631	1631	6	717365.897	4475780.33	1632	1630	-1	1631	-1	1
1632	1632	6	717362.897	4475777.33	1633	1631	-1	1632	-1	1
1633	1633	6	717359.897	4475774.33	1634	1632	-1	1633	-1	1
1634	1634	6	717356.897	4475771.33	1635	1633	-1	1634	-1	1
1635	1635	6	717353.897	4475771.33	1636	1634	-1	1635	-1	1
1636	1636	6	717350.897	4475771.33	1637	1635	-1	1636	-1	1
1637	1637	6	717347.897	4475771.33	1638	1636	-1	1637	-1	1
1638	1638	6	717344.897	4475771.33	1639	1637	-1	1638	-1	1
1639	1639	6	717341.897	4475771.33	1640	1638	-1	1639	-1	1
1640	1640	6	717338.897	4475774.33	1641	1639	-1	1640	-1	1
1641	1641	6	717335.897	4475777.33	1642	1640	-1	1641	-1	1
1642	1642	6	717332.897	4475780.33	1643	1641	-1	1642	-1	1
1643	1643	6	717329.897	4475783.33	1644	1642	-1	1643	-1	1
1644	1644	6	717326.897	4475786.33	1645	1643	-1	1644	-1	1
1645	1645	6	717323.897	4475789.33	1646	1644	-1	1645	-1	1
1646	1646	6	717320.897	4475789.33	1647	1645	-1	1646	-1	1
1647	1647	3	717317.897	4475792.33	1648	1646	-1	1448	-1	1
1648	1648	2	717317.897	4475792.33	1649	1647	1448	1448	-1	1
1649	1649	6	717317.897	4475795.33	1650	1648	-1	1649	-1	1
1650	1650	6	717317.897	4475798.33	1651	1649	-1	1650	-1	1
1651	1651	6	717314.897	4475801.33	1652	1650	-1	1651	-1	1
1652	1652	6	717314.897	4475804.33	1653	1651	-1	1652	-1	1
1653	1653	6	717314.897	4475807.33	1654	1652	-1	1653	-1	1
1654	1654	6	717314.897	4475810.33	1655	1653	-1	1654	-1	1
1655	1655	6	717314.897	4475813.33	1656	1654	-1	1655	-1	1
1656	1656	6	717311.897	4475816.33	1657	1655	-1	1656	-1	1
1657	1657	6	717311.897	4475819.33	1658	1656	-1	1657	-1	1
1658	1658	6	717311.897	4475822.33	1659	1657	-1	1658	-1	1
1659	1659	6	717311.897	4475825.33	1660	1658	-1	1659	-1	1
1660	1660	6	717311.897	4475828.33	1661	1659	-1	1660	-1	1
1661	1661	6	717311.897	4475831.33	1662	1660	-1	1661	-1	1
1662	1662	6	717311.897	4475834.33	1663	1661	-1	1662	-1	1
1663	1663	6	717311.897	4475837.33	1664	1662	-1	1663	-1	1
1664	1664	6	717311.897	4475840.33	1665	1663	-1	1664	-1	1
1665	1665	6	717311.897	4475843.33	1666	1664	-1	1665	-1	1
1666	1666	6	717311.897	4475846.33	1667	1665	-1	1666	-1	1
1667	1667	6	717311.897	4475849.33	1668	1666	-1	1667	-1	1
1668	1668	6	717311.897	4475852.33	1669	1667	-1	1668	-1	1
1669	1669	6	717311.897	4475855.33	1670	1668	-1	1669	-1	1
1670	1670	6	717311.897	4475858.33	1671	1669	-1	1670	-1	1
1671	1671	6	717311.897	4475861.33	1672	1670	-1	1671	-1	1
1672	1672	6	717311.897	4475864.33	1673	1671	-1	1672	-1	1
1673	1673	6	717311.897	4475867.33	1674	1672	-1	1673	-1	1
1674	1674	6	717314.897	4475870.33	1675	1673	-1	1674	-1	1
1675	1675	6	717314.897	4475873.33	1676	1674	-1	1675	-1	1
1676	1676	6	717314.897	4475876.33	1677	1675	-1	1676	-1	1
1677	1677	6	717317.897	4475879.33	1678	1676	-1	1677	-1	1
1678	1678	6	717317.897	4475882.33	1679	1677	-1	1678	-1	1
1679	1679	6	717317.897	4475885.33	1680	1678	-1	1679	-1	1
1680	1680	6	717317.897	4475888.33	1681	1679	-1	1680	-1	1
1681	1681	6	717314.897	4475891.33	1682	1680	-1	1681	-1	1
1682	1682	6	717311.897	4475894.33	1683	1681	-1	1682	-1	1
1683	1683	6	717308.897	4475897.33	1684	1682	-1	1683	-1	1
1684	1684	6	717305.897	4475900.33	1685	1683	-1	1684	-1	1
1685	1685	6	717302.897	4475903.33	1686	1684	-1	1685	-1	1
1686	1686	6	717299.897	4475906.33	1687	1685	-1	1686	-1	1
1687	1687	6	717296.897	4475909.33	1688	1686	-1	1687	-1	1
1688	1688	6	717293.897	4475912.33	1689	1687	-1	1688	-1	1
1689	1689	6	717290.897	4475915.33	1690	1688	-1	1689	-1	1
1690	1690	6	717290.897	4475918.33	1691	1689	-1	1690	-1	1
1691	1691	6	717287.897	4475921.33	1692	1690	-1	1691	-1	1
1692	1692	6	717284.897	4475921.33	1693	1691	-1	1692	-1	1
1693	1693	6	717281.897	4475924.33	1694	1692	-1	1693	-1	1
1694	1694	6	717278.897	4475927.33	1695	1693	-1	1694	-1	1
1695	1695	6	717275.897	4475927.33	1696	1694	-1	1695	-1	1
1696	1696	6	717272.897	4475930.33	1697	1695	-1	1696	-1	1
1697	1697	6	717269.897	4475933.33	1698	1696	-1	1697	-1	1
1698	1698	6	717266.897	4475933.33	1699	1697	-1	1698	-1	1
1699	1699	6	717263.897	4475933.33	1700	1698	-1	1699	-1	1
1700	1700	6	717260.897	4475933.33	1701	1699	-1	1700	-1	1
1701	1701	6	717257.897	4475933.33	1702	1700	-1	1701	-1	1
1702	1702	6	717254.897	4475933.33	1703	1701	-1	1702	-1	1
1703	1703	6	717251.897	4475936.33	1704	1702	-1	1703	-1	1
1704	1704	6	717248.897	4475936.33	1705	1703	-1	1704	-1	1
1705	1705	6	717245.897	4475936.33	1706	1704	-1	1705	-1	1
1706	1706	6	717242.897	4475936.33	1707	1705	-1	1706	-1	1
1707	1707	6	717239.897	4475936.33	1708	1706	-1	1707	-1	1
1708	1708	6	717236.897	4475936.33	1709	1707	-1	1708	-1	1
1709	1709	6	717233.897	4475936.33	1710	1708	-1	1709	-1	1
1710	1710	6	717230.897	4475939.33	1711	1709	-1	1710	-1	1
1711	1711	6	717227.897	4475939.33	1712	1710	-1	1711	-1	1
1712	1712	6	717224.897	4475939.33	1713	1711	-1	1712	-1	1
1713	1713	6	717221.897	4475939.33	1714	1712	-1	1713	-1	1
1714	1714	6	717218.897	4475939.33	1715	1713	-1	1714	-1	1
1715	1715	6	717215.897	4475942.33	1716	1714	-1	1715	-1	1
1716	1716	6	717212.897	4475945.33	1717	1715	-1	1716	-1	1
1717	1717	6	717209.897	4475945.33	1718	1716	-1	1717	-1	1
1718	1718	6	717206.897	4475948.33	1719	1717	-1	1718	-1	1
1719	1719	6	717203.897	4475951.33	1720	1718	-1	1719	-1	1
1720	1720	6	717203.897	4475954.33	1721	1719	-1	1720	-1	1
1721	1721	6	717200.897	4475957.33	1722	1720	-1	1721	-1	1
1722	1722	6	717197.897	4475960.33	1723	1721	-1	1722	-1	1
1723	1723	6	717194.897	4475963.33	1724	1722	-1	1723	-1	1
1724	1724	6	717191.897	4475966.33	1725	1723	-1	1724	-1	1
1725	1725	6	717188.897	4475969.33	1726	1724	-1	1725	-1	1
1726	1726	6	717185.897	4475972.33	1727	1725	-1	1726	-1	1
1727	1727	6	717185.897	4475975.33	1728	1726	-1	1727	-1	1
1728	1728	6	717182.897	4475978.33	1729	1727	-1	1728	-1	1
1729	1729	6	717179.897	4475981.33	1730	1728	-1	1729	-1	1
1730	1730	6	717176.897	4475984.33	1731	1729	-1	1730	-1	1
1731	1731	6	717173.897	4475987.33	1732	1730	-1	1731	-1	1
1732	1732	6	717170.897	4475990.33	1733	1731	-1	1732	-1	1
1733	1733	6	717170.897	4475993.33	1734	1732	-1	1733	-1	1
1734	1734	6	717170.897	4475996.33	1735	1733	-1	1734	-1	1
1735	1735	6	717170.897	4475999.33	1736	1734	-1	1735	-1	1
1736	1736	6	717170.897	4476002.33	1737	1735	-1	1736	-1	1
1737	1737	3	717167.897	4476005.33	1738	1736	-1	687	-1	1
1738	1738	2	717167.897	4476005.33	1739	1737	687	687	-1	1
1739	1739	9	717164.897	4476008.33	1739	1738	-1	1739	-1	1
