153
ND_ID	ND_FRMNO	ND_TYPE	ND_XC	ND_YC	ND_DSID	ND_USID	ND_US2ID	ND_CSID	ND_RSID	ND_STID
1	1	0	717164.897	4476008.33	2.0	-1	-1	1	-1	1
2	2	3	717164.897	4476008.33		1	-1	2	-1	1
3	3	0	717302.897	4475612.33	4.0	-1	-1	3	-1	1
4	4	6	717302.897	4475615.33	5.0	3	-1	4	-1	1
5	5	6	717299.897	4475618.33	6.0	4	-1	5	-1	1
6	6	6	717299.897	4475621.33	7.0	5	-1	6	-1	1
7	7	6	717299.897	4475624.33	8.0	6	-1	7	-1	1
8	8	6	717296.897	4475627.33	9.0	7	-1	8	-1	1
9	9	6	717296.897	4475630.33	10.0	8	-1	9	-1	1
10	10	6	717296.897	4475633.33	11.0	9	-1	10	-1	1
11	11	6	717296.897	4475636.33	12.0	10	-1	11	-1	1
12	12	6	717296.897	4475639.33	13.0	11	-1	12	-1	1
13	13	6	717296.897	4475642.33	14.0	12	-1	13	-1	1
14	14	6	717293.897	4475645.33	15.0	13	-1	14	-1	1
15	15	6	717293.897	4475648.33	16.0	14	-1	15	-1	1
16	16	6	717293.897	4475651.33	17.0	15	-1	16	-1	1
17	17	6	717293.897	4475654.33	18.0	16	-1	17	-1	1
18	18	6	717293.897	4475657.33	19.0	17	-1	18	-1	1
19	19	6	717293.897	4475660.33	20.0	18	-1	19	-1	1
20	20	6	717293.897	4475663.33	21.0	19	-1	20	-1	1
21	21	6	717293.897	4475666.33	22.0	20	-1	21	-1	1
22	22	6	717293.897	4475669.33	23.0	21	-1	22	-1	1
23	23	6	717293.897	4475672.33	24.0	22	-1	23	-1	1
24	24	6	717293.897	4475675.33	25.0	23	-1	24	-1	1
25	25	6	717293.897	4475678.33	26.0	24	-1	25	-1	1
26	26	6	717293.897	4475681.33	27.0	25	-1	26	-1	1
27	27	6	717293.897	4475684.33	28.0	26	-1	27	-1	1
28	28	6	717293.897	4475687.33	29.0	27	-1	28	-1	1
29	29	6	717293.897	4475690.33	30.0	28	-1	29	-1	1
30	30	6	717293.897	4475693.33	31.0	29	-1	30	-1	1
31	31	6	717293.897	4475696.33	32.0	30	-1	31	-1	1
32	32	6	717296.897	4475699.33	33.0	31	-1	32	-1	1
33	33	6	717299.897	4475702.33	34.0	32	-1	33	-1	1
34	34	6	717299.897	4475705.33	35.0	33	-1	34	-1	1
35	35	6	717299.897	4475708.33	36.0	34	-1	35	-1	1
36	36	6	717299.897	4475711.33	37.0	35	-1	36	-1	1
37	37	6	717299.897	4475714.33	38.0	36	-1	37	-1	1
38	38	6	717299.897	4475717.33	39.0	37	-1	38	-1	1
39	39	6	717299.897	4475720.33	40.0	38	-1	39	-1	1
40	40	6	717299.897	4475723.33	41.0	39	-1	40	-1	1
41	41	6	717302.897	4475726.33	42.0	40	-1	41	-1	1
42	42	6	717305.897	4475729.33	43.0	41	-1	42	-1	1
43	43	6	717305.897	4475732.33	44.0	42	-1	43	-1	1
44	44	6	717308.897	4475735.33	45.0	43	-1	44	-1	1
45	45	6	717311.897	4475738.33	46.0	44	-1	45	-1	1
46	46	6	717314.897	4475741.33	47.0	45	-1	46	-1	1
47	47	6	717314.897	4475744.33	48.0	46	-1	47	-1	1
48	48	6	717314.897	4475747.33	49.0	47	-1	48	-1	1
49	49	6	717314.897	4475750.33	50.0	48	-1	49	-1	1
50	50	6	717314.897	4475753.33	51.0	49	-1	50	-1	1
51	51	6	717317.897	4475756.33	52.0	50	-1	51	-1	1
52	52	6	717317.897	4475759.33	53.0	51	-1	52	-1	1
53	53	6	717317.897	4475762.33	54.0	52	-1	53	-1	1
54	54	6	717320.897	4475765.33	55.0	53	-1	54	-1	1
55	55	6	717320.897	4475768.33	56.0	54	-1	55	-1	1
56	56	6	717320.897	4475771.33	57.0	55	-1	56	-1	1
57	57	6	717320.897	4475774.33	58.0	56	-1	57	-1	1
58	58	6	717320.897	4475777.33	59.0	57	-1	58	-1	1
59	59	6	717320.897	4475780.33	60.0	58	-1	59	-1	1
60	60	6	717317.897	4475783.33	61.0	59	-1	60	-1	1
61	61	6	717317.897	4475786.33	62.0	60	-1	61	-1	1
62	62	6	717317.897	4475789.33	63.0	61	-1	62	-1	1
63	63	6	717317.897	4475792.33	64.0	62	-1	63	-1	1
64	64	6	717317.897	4475795.33	65.0	63	-1	64	-1	1
65	65	6	717317.897	4475798.33	66.0	64	-1	65	-1	1
66	66	6	717314.897	4475801.33	67.0	65	-1	66	-1	1
67	67	6	717314.897	4475804.33	68.0	66	-1	67	-1	1
68	68	6	717314.897	4475807.33	69.0	67	-1	68	-1	1
69	69	6	717314.897	4475810.33	70.0	68	-1	69	-1	1
70	70	6	717314.897	4475813.33	71.0	69	-1	70	-1	1
71	71	6	717311.897	4475816.33	72.0	70	-1	71	-1	1
72	72	6	717311.897	4475819.33	73.0	71	-1	72	-1	1
73	73	6	717311.897	4475822.33	74.0	72	-1	73	-1	1
74	74	6	717311.897	4475825.33	75.0	73	-1	74	-1	1
75	75	6	717311.897	4475828.33	76.0	74	-1	75	-1	1
76	76	6	717311.897	4475831.33	77.0	75	-1	76	-1	1
77	77	6	717311.897	4475834.33	78.0	76	-1	77	-1	1
78	78	6	717311.897	4475837.33	79.0	77	-1	78	-1	1
79	79	6	717311.897	4475840.33	80.0	78	-1	79	-1	1
80	80	6	717311.897	4475843.33	81.0	79	-1	80	-1	1
81	81	6	717311.897	4475846.33	82.0	80	-1	81	-1	1
82	82	6	717311.897	4475849.33	83.0	81	-1	82	-1	1
83	83	6	717311.897	4475852.33	84.0	82	-1	83	-1	1
84	84	6	717311.897	4475855.33	85.0	83	-1	84	-1	1
85	85	6	717311.897	4475858.33	86.0	84	-1	85	-1	1
86	86	6	717311.897	4475861.33	87.0	85	-1	86	-1	1
87	87	6	717311.897	4475864.33	88.0	86	-1	87	-1	1
88	88	6	717311.897	4475867.33	89.0	87	-1	88	-1	1
89	89	6	717314.897	4475870.33	90.0	88	-1	89	-1	1
90	90	6	717314.897	4475873.33	91.0	89	-1	90	-1	1
91	91	6	717314.897	4475876.33	92.0	90	-1	91	-1	1
92	92	6	717317.897	4475879.33	93.0	91	-1	92	-1	1
93	93	6	717317.897	4475882.33	94.0	92	-1	93	-1	1
94	94	6	717317.897	4475885.33	95.0	93	-1	94	-1	1
95	95	6	717317.897	4475888.33	96.0	94	-1	95	-1	1
96	96	6	717314.897	4475891.33	97.0	95	-1	96	-1	1
97	97	6	717311.897	4475894.33	98.0	96	-1	97	-1	1
98	98	6	717308.897	4475897.33	99.0	97	-1	98	-1	1
99	99	6	717305.897	4475900.33	100.0	98	-1	99	-1	1
100	100	6	717302.897	4475903.33	101.0	99	-1	100	-1	1
101	101	6	717299.897	4475906.33	102.0	100	-1	101	-1	1
102	102	6	717296.897	4475909.33	103.0	101	-1	102	-1	1
103	103	6	717293.897	4475912.33	104.0	102	-1	103	-1	1
104	104	6	717290.897	4475915.33	105.0	103	-1	104	-1	1
105	105	6	717290.897	4475918.33	106.0	104	-1	105	-1	1
106	106	6	717287.897	4475921.33	107.0	105	-1	106	-1	1
107	107	6	717284.897	4475921.33	108.0	106	-1	107	-1	1
108	108	6	717281.897	4475924.33	109.0	107	-1	108	-1	1
109	109	6	717278.897	4475927.33	110.0	108	-1	109	-1	1
110	110	6	717275.897	4475927.33	111.0	109	-1	110	-1	1
111	111	6	717272.897	4475930.33	112.0	110	-1	111	-1	1
112	112	6	717269.897	4475933.33	113.0	111	-1	112	-1	1
113	113	6	717266.897	4475933.33	114.0	112	-1	113	-1	1
114	114	6	717263.897	4475933.33	115.0	113	-1	114	-1	1
115	115	6	717260.897	4475933.33	116.0	114	-1	115	-1	1
116	116	6	717257.897	4475933.33	117.0	115	-1	116	-1	1
117	117	6	717254.897	4475933.33	118.0	116	-1	117	-1	1
118	118	6	717251.897	4475936.33	119.0	117	-1	118	-1	1
119	119	6	717248.897	4475936.33	120.0	118	-1	119	-1	1
120	120	6	717245.897	4475936.33	121.0	119	-1	120	-1	1
121	121	6	717242.897	4475936.33	122.0	120	-1	121	-1	1
122	122	6	717239.897	4475936.33	123.0	121	-1	122	-1	1
123	123	6	717236.897	4475936.33	124.0	122	-1	123	-1	1
124	124	6	717233.897	4475936.33	125.0	123	-1	124	-1	1
125	125	6	717230.897	4475939.33	126.0	124	-1	125	-1	1
126	126	6	717227.897	4475939.33	127.0	125	-1	126	-1	1
127	127	6	717224.897	4475939.33	128.0	126	-1	127	-1	1
128	128	6	717221.897	4475939.33	129.0	127	-1	128	-1	1
129	129	6	717218.897	4475939.33	130.0	128	-1	129	-1	1
130	130	6	717215.897	4475942.33	131.0	129	-1	130	-1	1
131	131	6	717212.897	4475945.33	132.0	130	-1	131	-1	1
132	132	6	717209.897	4475945.33	133.0	131	-1	132	-1	1
133	133	6	717206.897	4475948.33	134.0	132	-1	133	-1	1
134	134	6	717203.897	4475951.33	135.0	133	-1	134	-1	1
135	135	6	717203.897	4475954.33	136.0	134	-1	135	-1	1
136	136	6	717200.897	4475957.33	137.0	135	-1	136	-1	1
137	137	6	717197.897	4475960.33	138.0	136	-1	137	-1	1
138	138	6	717194.897	4475963.33	139.0	137	-1	138	-1	1
139	139	6	717191.897	4475966.33	140.0	138	-1	139	-1	1
140	140	6	717188.897	4475969.33	141.0	139	-1	140	-1	1
141	141	6	717185.897	4475972.33	142.0	140	-1	141	-1	1
142	142	6	717185.897	4475975.33	143.0	141	-1	142	-1	1
143	143	6	717182.897	4475978.33	144.0	142	-1	143	-1	1
144	144	6	717179.897	4475981.33	145.0	143	-1	144	-1	1
145	145	6	717176.897	4475984.33	146.0	144	-1	145	-1	1
146	146	6	717173.897	4475987.33	147.0	145	-1	146	-1	1
147	147	6	717170.897	4475990.33	148.0	146	-1	147	-1	1
148	148	6	717170.897	4475993.33	149.0	147	-1	148	-1	1
149	149	6	717170.897	4475996.33	150.0	148	-1	149	-1	1
150	150	6	717170.897	4475999.33	151.0	149	-1	150	-1	1
151	151	6	717170.897	4476002.33	152.0	150	-1	151	-1	1
152	152	6	717167.897	4476005.33	153.0	151	-1	152	-1	1
153	153	9	717164.897	4476008.33	153.0	152	-1	153	-1	1
