1705
RC_ID	RC_NDUSID	RC_NDDSID	RC_ORDER	RC_LENGTH
1	1	2	1	18.439088914585774
2	2	3	1	19.4164878389476
3	3	4	1	17.804493814764857
4	4	5	1	1.0
5	5	6	1	19.849433241279208
6	6	7	1	18.601075237738275
7	7	8	1	19.209372712298546
8	8	9	1	19.1049731745428
9	9	10	1	1.0
10	10	11	1	18.867962264113206
11	11	12	1	18.439088914585774
12	12	13	1	13.0
13	13	14	1	15.264337522473747
14	14	15	1	17.204650534085253
15	15	16	1	16.97056274847714
16	16	17	1	9.486832980505138
17	17	18	1	13.601470508735444
18	18	19	1	17.88854381999832
19	19	20	1	18.027756377319946
20	20	21	1	10.0
21	21	22	1	1.0
1	23	24	1	19.4164878389476
2	24	25	1	19.1049731745428
3	25	26	1	19.849433241279208
4	26	27	1	19.1049731745428
5	27	28	1	18.35755975068582
6	28	29	1	17.804493814764857
7	29	30	1	19.79898987322333
8	30	31	1	19.849433241279208
9	31	32	1	17.88854381999832
10	32	33	1	10.816653826391969
11	33	34	1	8.0
12	34	35	1	18.867962264113206
13	35	36	1	19.849433241279208
14	36	37	1	19.79898987322333
15	37	38	1	17.4928556845359
16	38	39	1	19.0
17	39	40	1	18.384776310850235
18	40	41	1	19.79898987322333
19	41	42	1	17.4928556845359
20	42	43	1	20.024984394500787
21	43	44	1	19.4164878389476
22	44	45	1	18.027756377319946
23	45	46	1	19.79898987322333
24	46	47	1	18.384776310850235
25	47	48	1	19.79898987322333
26	48	49	1	19.209372712298546
27	49	50	1	18.027756377319946
28	50	51	1	20.0
29	51	52	1	18.027756377319946
30	52	53	1	18.601075237738275
31	53	54	1	19.1049731745428
32	54	55	1	20.024984394500787
33	55	56	1	20.0
34	56	57	1	20.09975124224178
35	57	58	1	18.24828759089466
36	58	59	1	18.867962264113206
37	59	60	1	20.0
38	60	61	1	20.0
39	61	62	1	20.0
40	62	63	1	20.0
41	63	64	1	18.24828759089466
42	64	65	1	15.297058540778355
43	65	66	1	19.4164878389476
44	66	67	1	17.029386365926403
45	67	68	1	2.23606797749979
46	68	69	1	18.439088914585774
47	69	70	1	16.278820596099706
48	70	71	1	15.556349186104045
49	71	72	1	3.605551275463989
50	72	73	1	17.11724276862369
51	73	74	1	17.204650534085253
52	74	75	1	18.027756377319946
53	75	76	1	14.142135623730951
54	76	77	1	18.110770276274835
55	77	78	1	17.26267650163207
56	78	79	1	16.492422502470642
57	79	80	1	18.788294228055936
58	80	81	1	18.973665961010276
59	81	82	1	14.560219778561036
60	82	83	1	14.422205101855956
61	83	84	1	1.4142135623730951
1	85	86	1	21.213203435596427
2	86	87	1	18.384776310850235
3	87	88	1	17.69180601295413
4	88	89	1	18.384776310850235
5	89	90	1	19.849433241279208
6	90	91	1	19.79898987322333
7	91	92	1	19.4164878389476
8	92	93	1	18.439088914585774
9	93	94	1	19.1049731745428
10	94	95	1	17.08800749063506
11	95	96	1	18.027756377319946
12	96	97	1	19.209372712298546
13	97	98	1	18.027756377319946
14	98	99	1	13.45362404707371
15	99	100	1	18.867962264113206
16	100	101	1	17.11724276862369
17	101	102	1	16.401219466856727
18	102	103	1	16.76305461424021
19	103	104	1	16.278820596099706
20	104	105	1	18.601075237738275
21	105	106	1	18.439088914585774
22	106	107	1	18.384776310850235
23	107	108	1	19.849433241279208
24	108	109	1	19.4164878389476
25	109	110	1	18.027756377319946
26	110	111	1	17.88854381999832
27	111	112	1	17.72004514666935
28	112	113	1	17.804493814764857
29	113	114	1	12.36931687685298
30	114	115	1	19.026297590440446
31	115	116	1	13.341664064126334
32	116	117	1	16.64331697709324
33	117	118	1	9.433981132056603
34	118	119	1	17.804493814764857
35	119	120	1	20.518284528683193
36	120	121	1	18.601075237738275
37	121	122	1	14.866068747318506
38	122	123	1	18.35755975068582
39	123	124	1	17.11724276862369
40	124	125	1	16.492422502470642
41	125	126	1	17.11724276862369
42	126	127	1	18.35755975068582
43	127	128	1	18.867962264113206
44	128	129	1	17.804493814764857
45	129	130	1	16.278820596099706
46	130	131	1	18.601075237738275
47	131	132	1	18.601075237738275
48	132	133	1	18.027756377319946
49	133	134	1	17.4928556845359
50	134	135	1	19.1049731745428
51	135	136	1	18.24828759089466
52	136	137	1	18.384776310850235
53	137	138	1	18.35755975068582
54	138	139	1	18.681541692269406
55	139	140	1	15.524174696260024
56	140	141	1	19.313207915827967
57	141	142	1	18.788294228055936
58	142	143	1	17.46424919657298
59	143	144	1	17.88854381999832
60	144	145	1	16.0312195418814
61	145	146	1	17.11724276862369
62	146	147	1	14.317821063276353
63	147	148	1	19.849433241279208
64	148	149	1	17.4928556845359
65	149	150	1	13.92838827718412
66	150	151	1	19.026297590440446
67	151	152	1	20.0
68	152	153	1	18.027756377319946
69	153	154	1	19.209372712298546
70	154	155	1	11.661903789690601
71	155	156	1	17.804493814764857
72	156	157	1	18.681541692269406
73	157	158	1	17.46424919657298
74	158	159	1	19.1049731745428
75	159	160	1	16.1245154965971
76	160	161	1	14.866068747318506
77	161	162	1	15.264337522473747
78	162	163	1	18.35755975068582
79	163	164	1	16.278820596099706
80	164	165	1	16.278820596099706
81	165	166	1	18.788294228055936
82	166	167	1	18.439088914585774
83	167	168	1	15.652475842498529
84	168	169	1	17.0
85	169	170	1	19.79898987322333
86	170	171	1	18.027756377319946
87	171	172	1	11.661903789690601
88	172	173	1	17.4928556845359
89	173	174	1	17.46424919657298
90	174	175	1	1.0
91	175	176	1	18.601075237738275
92	176	177	1	13.892443989449804
93	177	178	1	17.204650534085253
94	178	179	1	17.029386365926403
95	179	180	1	18.24828759089466
96	180	181	1	17.804493814764857
97	181	182	1	18.24828759089466
98	182	183	1	18.439088914585774
99	183	184	1	19.79898987322333
100	184	185	1	17.029386365926403
101	185	186	1	17.88854381999832
102	186	187	1	18.384776310850235
103	187	188	1	17.08800749063506
104	188	189	1	18.439088914585774
105	189	190	1	18.027756377319946
106	190	191	1	16.0312195418814
107	191	192	1	19.209372712298546
108	192	193	1	18.681541692269406
109	193	194	1	16.64331697709324
110	194	195	1	18.973665961010276
111	195	196	1	17.46424919657298
112	196	197	1	18.439088914585774
113	197	198	1	18.601075237738275
114	198	199	1	19.1049731745428
115	199	200	1	18.439088914585774
116	200	201	1	18.601075237738275
117	201	202	1	17.204650534085253
118	202	203	1	10.63014581273465
119	203	204	1	9.433981132056603
120	204	205	1	19.79898987322333
121	205	206	1	18.35755975068582
122	206	207	1	19.849433241279208
123	207	208	1	18.439088914585774
124	208	209	1	18.027756377319946
125	209	210	1	18.601075237738275
126	210	211	1	18.384776310850235
127	211	212	1	18.601075237738275
128	212	213	1	18.973665961010276
129	213	214	1	17.204650534085253
130	214	215	1	14.317821063276353
131	215	216	1	18.439088914585774
132	216	217	1	18.24828759089466
133	217	218	1	2.0
134	218	219	1	1.0
135	219	220	1	14.560219778561036
136	220	221	1	1.0
1	222	223	1	18.027756377319946
2	223	224	1	18.110770276274835
3	224	225	1	19.1049731745428
4	225	226	1	17.08800749063506
5	226	227	1	18.24828759089466
6	227	228	1	18.110770276274835
7	228	229	1	19.235384061671343
8	229	230	1	18.110770276274835
9	230	231	1	18.027756377319946
10	231	232	1	19.1049731745428
11	232	233	1	18.110770276274835
12	233	234	1	18.027756377319946
13	234	235	1	19.0
14	235	236	1	18.384776310850235
15	236	237	1	19.235384061671343
16	237	238	1	18.027756377319946
17	238	239	1	19.235384061671343
18	239	240	1	17.72004514666935
19	240	241	1	4.123105625617661
20	241	242	1	14.212670403551895
21	242	243	1	18.973665961010276
22	243	244	1	18.35755975068582
23	244	245	1	17.69180601295413
24	245	246	1	11.180339887498949
25	246	247	1	1.0
1	248	249	1	19.235384061671343
2	249	250	1	13.92838827718412
3	250	251	1	17.72004514666935
4	251	252	1	16.1245154965971
5	252	253	1	19.1049731745428
6	253	254	1	18.24828759089466
7	254	255	1	16.401219466856727
8	255	256	1	13.601470508735444
9	256	257	1	5.830951894845301
10	257	258	1	19.0
11	258	259	1	15.556349186104045
12	259	260	1	17.029386365926403
13	260	261	1	17.72004514666935
14	261	262	1	10.0
15	262	263	1	6.708203932499369
16	263	264	1	14.317821063276353
17	264	265	1	17.69180601295413
18	265	266	1	16.55294535724685
19	266	267	1	18.027756377319946
20	267	268	1	14.866068747318506
21	268	269	1	17.0
22	269	270	1	15.652475842498529
23	270	271	1	17.204650534085253
24	271	272	1	17.4928556845359
25	272	273	1	18.110770276274835
26	273	274	1	18.681541692269406
27	274	275	1	18.027756377319946
28	275	276	1	19.313207915827967
29	276	277	1	10.0
30	277	278	1	1.4142135623730951
1	279	280	1	15.264337522473747
2	280	281	1	18.027756377319946
3	281	282	1	18.027756377319946
4	282	283	1	17.204650534085253
5	283	284	1	18.788294228055936
6	284	285	1	15.132745950421556
7	285	286	1	17.804493814764857
8	286	287	1	18.110770276274835
9	287	288	1	18.110770276274835
10	288	289	1	16.76305461424021
11	289	290	1	17.88854381999832
12	290	291	1	19.235384061671343
13	291	292	1	15.132745950421556
14	292	293	1	17.26267650163207
15	293	294	1	3.1622776601683795
16	294	295	1	2.23606797749979
17	295	296	1	1.0
1	297	298	1	4.47213595499958
2	298	299	1	16.15549442140351
3	299	300	1	18.439088914585774
4	300	301	1	18.601075237738275
5	301	302	1	18.601075237738275
6	302	303	1	16.492422502470642
7	303	304	1	18.439088914585774
8	304	305	1	17.69180601295413
9	305	306	1	15.652475842498529
10	306	307	1	17.11724276862369
11	307	308	1	17.26267650163207
12	308	309	1	5.385164807134504
13	309	310	1	13.92838827718412
14	310	311	1	18.027756377319946
15	311	312	1	18.027756377319946
16	312	313	1	16.55294535724685
17	313	314	1	18.439088914585774
18	314	315	1	17.029386365926403
19	315	316	1	18.027756377319946
20	316	317	1	17.46424919657298
21	317	318	1	18.439088914585774
22	318	319	1	19.1049731745428
23	319	320	1	18.110770276274835
24	320	321	1	17.72004514666935
25	321	322	1	20.0
26	322	323	1	1.0
27	323	324	1	16.55294535724685
28	324	325	1	17.804493814764857
29	325	326	1	17.88854381999832
30	326	327	1	18.788294228055936
31	327	328	1	18.027756377319946
32	328	329	1	18.027756377319946
33	329	330	1	19.72308292331602
34	330	331	1	18.027756377319946
35	331	332	1	18.601075237738275
36	332	333	1	19.849433241279208
37	333	334	1	19.79898987322333
38	334	335	1	19.4164878389476
39	335	336	1	18.027756377319946
40	336	337	1	19.79898987322333
41	337	338	1	19.79898987322333
42	338	339	1	19.849433241279208
43	339	340	1	19.209372712298546
44	340	341	1	17.029386365926403
45	341	342	1	3.605551275463989
46	342	343	1	18.384776310850235
47	343	344	1	19.79898987322333
48	344	345	1	17.72004514666935
49	345	346	1	18.867962264113206
50	346	347	1	18.439088914585774
51	347	348	1	19.849433241279208
52	348	349	1	18.867962264113206
53	349	350	1	4.47213595499958
54	350	351	1	1.4142135623730951
1	352	353	2	19.79898987322333
2	353	354	2	10.63014581273465
3	354	355	2	10.0
4	355	356	2	18.439088914585774
5	356	357	2	18.973665961010276
6	357	358	2	18.439088914585774
7	358	359	2	19.026297590440446
8	359	360	2	18.681541692269406
9	360	361	2	19.026297590440446
10	361	362	2	19.235384061671343
11	362	363	2	18.110770276274835
12	363	364	2	18.867962264113206
13	364	365	2	18.027756377319946
14	365	366	2	19.235384061671343
15	366	367	2	17.4928556845359
16	367	368	2	18.681541692269406
17	368	369	2	18.24828759089466
18	369	370	2	17.88854381999832
19	370	371	2	18.788294228055936
20	371	372	2	18.027756377319946
21	372	373	2	19.235384061671343
22	373	374	2	18.027756377319946
23	374	375	2	19.235384061671343
24	375	376	2	18.867962264113206
25	376	377	2	16.0312195418814
26	377	378	2	19.026297590440446
27	378	379	2	14.422205101855956
28	379	380	2	17.0
29	380	381	2	19.4164878389476
30	381	382	2	18.439088914585774
31	382	383	2	18.439088914585774
32	383	384	2	18.788294228055936
33	384	385	2	18.35755975068582
34	385	386	2	19.026297590440446
35	386	387	2	19.026297590440446
36	387	388	2	9.219544457292887
37	388	389	2	1.0
1	390	391	2	18.681541692269406
2	391	392	2	17.88854381999832
3	392	393	2	18.439088914585774
4	393	394	2	17.0
5	394	395	2	19.4164878389476
6	395	396	2	3.605551275463989
7	396	397	2	2.0
8	397	398	2	13.92838827718412
9	398	399	2	17.46424919657298
10	399	400	2	19.849433241279208
11	400	401	2	18.027756377319946
12	401	402	2	18.601075237738275
13	402	403	2	18.24828759089466
14	403	404	2	17.88854381999832
15	404	405	2	19.1049731745428
16	405	406	2	18.681541692269406
17	406	407	2	19.849433241279208
18	407	408	2	18.027756377319946
19	408	409	2	18.384776310850235
20	409	410	2	18.384776310850235
21	410	411	2	18.439088914585774
22	411	412	2	17.4928556845359
23	412	413	2	17.88854381999832
24	413	414	2	19.1049731745428
25	414	415	2	19.235384061671343
26	415	416	2	18.384776310850235
27	416	417	2	19.1049731745428
28	417	418	2	18.384776310850235
29	418	419	2	18.867962264113206
30	419	420	2	6.4031242374328485
31	420	421	2	1.4142135623730951
1	422	423	1	19.235384061671343
2	423	424	1	14.560219778561036
3	424	425	1	1.4142135623730951
1	426	427	1	18.24828759089466
2	427	428	1	17.11724276862369
3	428	429	1	17.0
4	429	430	1	18.439088914585774
5	430	431	1	17.4928556845359
6	431	432	1	18.681541692269406
7	432	433	1	16.55294535724685
8	433	434	1	16.15549442140351
9	434	435	1	16.55294535724685
10	435	436	1	2.8284271247461903
11	436	437	1	16.15549442140351
12	437	438	1	19.209372712298546
13	438	439	1	18.681541692269406
14	439	440	1	17.46424919657298
15	440	441	1	12.041594578792296
16	441	442	1	1.4142135623730951
1	443	444	1	21.213203435596427
2	444	445	1	19.1049731745428
3	445	446	1	18.439088914585774
4	446	447	1	11.661903789690601
5	447	448	1	6.4031242374328485
6	448	449	1	18.867962264113206
7	449	450	1	18.681541692269406
8	450	451	1	2.23606797749979
9	451	452	1	15.811388300841896
10	452	453	1	18.0
11	453	454	1	18.439088914585774
12	454	455	1	18.681541692269406
13	455	456	1	13.892443989449804
14	456	457	1	17.26267650163207
15	457	458	1	19.209372712298546
16	458	459	1	18.384776310850235
17	459	460	1	16.492422502470642
18	460	461	1	18.867962264113206
19	461	462	1	17.26267650163207
20	462	463	1	19.1049731745428
21	463	464	1	18.867962264113206
22	464	465	1	18.35755975068582
23	465	466	1	18.384776310850235
24	466	467	1	17.72004514666935
25	467	468	1	18.439088914585774
26	468	469	1	18.681541692269406
27	469	470	1	17.69180601295413
28	470	471	1	18.027756377319946
29	471	472	1	18.384776310850235
30	472	473	1	20.518284528683193
31	473	474	1	18.439088914585774
32	474	475	1	1.0
33	475	476	1	18.439088914585774
34	476	477	1	16.278820596099706
35	477	478	1	18.439088914585774
36	478	479	1	19.026297590440446
37	479	480	1	20.0
38	480	481	1	13.0
39	481	482	1	14.422205101855956
40	482	483	1	18.35755975068582
41	483	484	1	10.816653826391969
42	484	485	1	9.219544457292887
43	485	486	1	17.029386365926403
44	486	487	1	19.235384061671343
45	487	488	1	18.027756377319946
46	488	489	1	15.811388300841896
47	489	490	1	18.384776310850235
48	490	491	1	19.209372712298546
49	491	492	1	17.72004514666935
50	492	493	1	19.0
51	493	494	1	18.973665961010276
52	494	495	1	18.24828759089466
53	495	496	1	19.209372712298546
54	496	497	1	17.4928556845359
55	497	498	1	2.23606797749979
56	498	499	1	18.681541692269406
57	499	500	1	18.384776310850235
58	500	501	1	17.0
59	501	502	1	18.35755975068582
60	502	503	1	19.4164878389476
61	503	504	1	17.88854381999832
62	504	505	1	18.35755975068582
63	505	506	1	18.384776310850235
64	506	507	1	19.4164878389476
65	507	508	1	17.204650534085253
66	508	509	1	19.697715603592208
67	509	510	1	18.027756377319946
68	510	511	1	18.788294228055936
69	511	512	1	18.027756377319946
70	512	513	1	19.849433241279208
71	513	514	1	18.439088914585774
72	514	515	1	16.76305461424021
73	515	516	1	18.601075237738275
74	516	517	1	18.35755975068582
75	517	518	1	18.788294228055936
76	518	519	1	18.35755975068582
77	519	520	1	19.1049731745428
78	520	521	1	18.35755975068582
79	521	522	1	17.88854381999832
80	522	523	1	18.027756377319946
81	523	524	1	20.0
82	524	525	1	16.55294535724685
83	525	526	1	18.24828759089466
84	526	527	1	17.88854381999832
85	527	528	1	17.11724276862369
86	528	529	1	16.1245154965971
87	529	530	1	19.235384061671343
88	530	531	1	19.026297590440446
89	531	532	1	18.24828759089466
90	532	533	1	19.026297590440446
91	533	534	1	19.0
92	534	535	1	20.0
93	535	536	1	17.0
94	536	537	1	19.4164878389476
95	537	538	1	19.1049731745428
96	538	539	1	18.439088914585774
97	539	540	1	18.681541692269406
98	540	541	1	19.209372712298546
99	541	542	1	18.027756377319946
100	542	543	1	18.439088914585774
101	543	544	1	20.09975124224178
102	544	545	1	19.209372712298546
103	545	546	1	19.1049731745428
104	546	547	1	18.110770276274835
105	547	548	1	18.027756377319946
106	548	549	1	17.46424919657298
107	549	550	1	18.384776310850235
108	550	551	1	19.1049731745428
109	551	552	1	17.72004514666935
110	552	553	1	19.235384061671343
111	553	554	1	18.384776310850235
112	554	555	1	17.029386365926403
113	555	556	1	19.1049731745428
114	556	557	1	18.681541692269406
115	557	558	1	18.027756377319946
116	558	559	1	19.235384061671343
117	559	560	1	18.384776310850235
118	560	561	1	19.1049731745428
119	561	562	1	18.439088914585774
120	562	563	1	19.4164878389476
121	563	564	1	18.788294228055936
122	564	565	1	17.88854381999832
123	565	566	1	18.867962264113206
124	566	567	1	17.72004514666935
125	567	568	1	19.4164878389476
126	568	569	1	17.4928556845359
127	569	570	1	18.601075237738275
128	570	571	1	18.027756377319946
129	571	572	1	18.867962264113206
130	572	573	1	17.26267650163207
131	573	574	1	17.204650534085253
132	574	575	1	18.110770276274835
133	575	576	1	17.46424919657298
134	576	577	1	19.1049731745428
135	577	578	1	16.1245154965971
136	578	579	1	14.866068747318506
137	579	580	1	19.697715603592208
138	580	581	1	18.384776310850235
139	581	582	1	19.79898987322333
140	582	583	1	17.204650534085253
141	583	584	1	19.849433241279208
142	584	585	1	18.601075237738275
143	585	586	1	17.4928556845359
144	586	587	1	18.439088914585774
145	587	588	1	20.0
146	588	589	1	17.804493814764857
147	589	590	1	18.027756377319946
148	590	591	1	19.235384061671343
149	591	592	1	18.027756377319946
150	592	593	1	18.681541692269406
151	593	594	1	17.0
152	594	595	1	19.849433241279208
153	595	596	1	18.384776310850235
154	596	597	1	18.681541692269406
155	597	598	1	19.4164878389476
156	598	599	1	19.849433241279208
157	599	600	1	18.027756377319946
158	600	601	1	18.384776310850235
159	601	602	1	18.027756377319946
160	602	603	1	16.492422502470642
161	603	604	1	19.4164878389476
162	604	605	1	18.24828759089466
163	605	606	1	18.681541692269406
164	606	607	1	18.973665961010276
165	607	608	1	18.027756377319946
166	608	609	1	20.024984394500787
167	609	610	1	18.788294228055936
168	610	611	1	17.11724276862369
169	611	612	1	18.24828759089466
170	612	613	1	19.235384061671343
171	613	614	1	18.439088914585774
172	614	615	1	19.1049731745428
173	615	616	1	18.867962264113206
174	616	617	1	17.72004514666935
175	617	618	1	18.24828759089466
176	618	619	1	9.219544457292887
177	619	620	1	1.0
1	621	622	2	19.4164878389476
2	622	623	2	19.0
3	623	624	2	19.235384061671343
4	624	625	2	18.681541692269406
5	625	626	2	18.439088914585774
6	626	627	2	18.110770276274835
7	627	628	2	18.384776310850235
8	628	629	2	12.727922061357855
9	629	630	2	1.4142135623730951
1	631	632	1	18.24828759089466
2	632	633	1	19.313207915827967
3	633	634	1	18.788294228055936
4	634	635	1	18.027756377319946
5	635	636	1	19.1049731745428
6	636	637	1	19.6468827043885
7	637	638	1	17.11724276862369
8	638	639	1	19.209372712298546
9	639	640	1	18.439088914585774
10	640	641	1	19.235384061671343
11	641	642	1	18.439088914585774
12	642	643	1	19.1049731745428
13	643	644	1	18.027756377319946
14	644	645	1	18.681541692269406
15	645	646	1	19.026297590440446
16	646	647	1	17.46424919657298
17	647	648	1	18.027756377319946
18	648	649	1	18.681541692269406
19	649	650	1	19.1049731745428
20	650	651	1	18.681541692269406
21	651	652	1	16.278820596099706
22	652	653	1	18.110770276274835
23	653	654	1	18.681541692269406
24	654	655	1	19.0
25	655	656	1	19.235384061671343
26	656	657	1	18.681541692269406
27	657	658	1	18.24828759089466
28	658	659	1	19.235384061671343
29	659	660	1	19.4164878389476
30	660	661	1	19.026297590440446
31	661	662	1	18.0
32	662	663	1	20.024984394500787
33	663	664	1	18.973665961010276
34	664	665	1	18.027756377319946
35	665	666	1	19.026297590440446
36	666	667	1	18.027756377319946
37	667	668	1	18.439088914585774
38	668	669	1	17.4928556845359
39	669	670	1	2.23606797749979
40	670	671	1	1.4142135623730951
1	672	673	1	19.313207915827967
2	673	674	1	19.209372712298546
3	674	675	1	18.384776310850235
4	675	676	1	18.601075237738275
5	676	677	1	19.849433241279208
6	677	678	1	17.69180601295413
7	678	679	1	6.708203932499369
8	679	680	1	1.0
1	681	682	2	18.027756377319946
2	682	683	2	19.1049731745428
3	683	684	2	14.035668847618199
4	684	685	2	1.0
1	686	687	3	18.384776310850235
2	687	688	3	19.235384061671343
3	688	689	3	18.24828759089466
4	689	690	3	17.4928556845359
5	690	691	3	18.601075237738275
6	691	692	3	19.313207915827967
7	692	693	3	16.401219466856727
8	693	694	3	18.35755975068582
9	694	695	3	18.439088914585774
10	695	696	3	19.1049731745428
11	696	697	3	18.681541692269406
12	697	698	3	18.027756377319946
13	698	699	3	17.0
14	699	700	3	19.313207915827967
15	700	701	3	18.35755975068582
16	701	702	3	18.35755975068582
17	702	703	3	19.235384061671343
18	703	704	3	17.72004514666935
19	704	705	3	18.601075237738275
20	705	706	3	19.0
21	706	707	3	19.313207915827967
22	707	708	3	18.439088914585774
23	708	709	3	17.46424919657298
24	709	710	3	19.4164878389476
25	710	711	3	19.4164878389476
26	711	712	3	18.027756377319946
27	712	713	3	17.26267650163207
28	713	714	3	19.79898987322333
29	714	715	3	18.439088914585774
30	715	716	3	18.027756377319946
31	716	717	3	17.88854381999832
32	717	718	3	19.1049731745428
33	718	719	3	18.24828759089466
34	719	720	3	18.681541692269406
35	720	721	3	13.601470508735444
36	721	722	3	5.385164807134504
37	722	723	3	18.788294228055936
38	723	724	3	17.46424919657298
39	724	725	3	18.601075237738275
40	725	726	3	18.601075237738275
41	726	727	3	18.439088914585774
42	727	728	3	19.026297590440446
43	728	729	3	19.4164878389476
44	729	730	3	19.1049731745428
45	730	731	3	19.4164878389476
46	731	732	3	18.788294228055936
47	732	733	3	16.97056274847714
48	733	734	3	5.385164807134504
49	734	735	3	14.212670403551895
50	735	736	3	18.601075237738275
51	736	737	3	19.1049731745428
52	737	738	3	18.384776310850235
53	738	739	3	17.11724276862369
54	739	740	3	19.209372712298546
55	740	741	3	18.439088914585774
56	741	742	3	17.08800749063506
57	742	743	3	7.810249675906654
58	743	744	3	1.0
1	745	746	1	18.973665961010276
2	746	747	1	9.899494936611665
3	747	748	1	5.830951894845301
4	748	749	1	5.0
5	749	750	1	18.867962264113206
6	750	751	1	18.027756377319946
7	751	752	1	20.024984394500787
8	752	753	1	17.46424919657298
9	753	754	1	19.026297590440446
10	754	755	1	17.11724276862369
11	755	756	1	17.804493814764857
12	756	757	1	17.69180601295413
13	757	758	1	17.029386365926403
14	758	759	1	12.529964086141668
15	759	760	1	14.7648230602334
16	760	761	1	19.235384061671343
17	761	762	1	8.94427190999916
18	762	763	1	1.0
1	764	765	1	17.46424919657298
2	765	766	1	10.295630140987
3	766	767	1	8.94427190999916
4	767	768	1	18.788294228055936
5	768	769	1	18.027756377319946
6	769	770	1	19.4164878389476
7	770	771	1	17.69180601295413
8	771	772	1	13.038404810405298
9	772	773	1	16.64331697709324
10	773	774	1	18.788294228055936
11	774	775	1	19.209372712298546
12	775	776	1	18.439088914585774
13	776	777	1	18.601075237738275
14	777	778	1	5.0
15	778	779	1	10.44030650891055
16	779	780	1	8.54400374531753
17	780	781	1	11.045361017187261
18	781	782	1	16.55294535724685
19	782	783	1	18.973665961010276
20	783	784	1	18.35755975068582
21	784	785	1	19.235384061671343
22	785	786	1	18.24828759089466
23	786	787	1	19.235384061671343
24	787	788	1	18.867962264113206
25	788	789	1	18.027756377319946
26	789	790	1	17.72004514666935
27	790	791	1	18.681541692269406
28	791	792	1	18.681541692269406
29	792	793	1	19.026297590440446
30	793	794	1	18.439088914585774
31	794	795	1	19.235384061671343
32	795	796	1	18.110770276274835
33	796	797	1	19.026297590440446
34	797	798	1	18.788294228055936
35	798	799	1	18.027756377319946
36	799	800	1	19.4164878389476
37	800	801	1	18.681541692269406
38	801	802	1	19.235384061671343
39	802	803	1	18.681541692269406
40	803	804	1	17.26267650163207
41	804	805	1	18.24828759089466
42	805	806	1	19.6468827043885
43	806	807	1	17.46424919657298
44	807	808	1	14.560219778561036
45	808	809	1	1.0
1	810	811	2	19.235384061671343
2	811	812	2	18.601075237738275
3	812	813	2	19.1049731745428
4	813	814	2	7.810249675906654
5	814	815	2	13.45362404707371
6	815	816	2	18.439088914585774
7	816	817	2	18.439088914585774
8	817	818	2	19.4164878389476
9	818	819	2	18.384776310850235
10	819	820	2	19.1049731745428
11	820	821	2	18.867962264113206
12	821	822	2	16.1245154965971
13	822	823	2	19.697715603592208
14	823	824	2	19.1049731745428
15	824	825	2	17.72004514666935
16	825	826	2	17.804493814764857
17	826	827	2	19.849433241279208
18	827	828	2	18.439088914585774
19	828	829	2	19.209372712298546
20	829	830	2	5.656854249492381
21	830	831	2	1.4142135623730951
1	832	833	1	18.681541692269406
2	833	834	1	18.027756377319946
3	834	835	1	17.11724276862369
4	835	836	1	19.026297590440446
5	836	837	1	18.027756377319946
6	837	838	1	19.0
7	838	839	1	19.1049731745428
8	839	840	1	19.1049731745428
9	840	841	1	18.24828759089466
10	841	842	1	18.384776310850235
11	842	843	1	19.026297590440446
12	843	844	1	17.88854381999832
13	844	845	1	18.973665961010276
14	845	846	1	19.1049731745428
15	846	847	1	18.027756377319946
16	847	848	1	19.209372712298546
17	848	849	1	18.35755975068582
18	849	850	1	16.1245154965971
19	850	851	1	18.601075237738275
20	851	852	1	18.867962264113206
21	852	853	1	19.026297590440446
22	853	854	1	19.1049731745428
23	854	855	1	19.235384061671343
24	855	856	1	16.15549442140351
25	856	857	1	16.76305461424021
26	857	858	1	18.788294228055936
27	858	859	1	18.867962264113206
28	859	860	1	16.76305461424021
29	860	861	1	3.605551275463989
30	861	862	1	1.0
1	863	864	1	19.0
2	864	865	1	19.026297590440446
3	865	866	1	17.08800749063506
4	866	867	1	19.026297590440446
5	867	868	1	18.027756377319946
6	868	869	1	18.110770276274835
7	869	870	1	19.1049731745428
8	870	871	1	19.026297590440446
9	871	872	1	19.235384061671343
10	872	873	1	19.1049731745428
11	873	874	1	19.4164878389476
12	874	875	1	17.26267650163207
13	875	876	1	20.024984394500787
14	876	877	1	16.0312195418814
15	877	878	1	16.0312195418814
16	878	879	1	17.08800749063506
17	879	880	1	18.027756377319946
18	880	881	1	18.35755975068582
19	881	882	1	18.35755975068582
20	882	883	1	18.867962264113206
21	883	884	1	17.46424919657298
22	884	885	1	19.026297590440446
23	885	886	1	17.029386365926403
24	886	887	1	18.027756377319946
25	887	888	1	18.384776310850235
26	888	889	1	18.027756377319946
27	889	890	1	18.681541692269406
28	890	891	1	18.867962264113206
29	891	892	1	18.027756377319946
30	892	893	1	19.1049731745428
31	893	894	1	17.88854381999832
32	894	895	1	20.0
33	895	896	1	16.76305461424021
34	896	897	1	17.26267650163207
35	897	898	1	19.1049731745428
36	898	899	1	18.027756377319946
37	899	900	1	19.4164878389476
38	900	901	1	19.4164878389476
39	901	902	1	18.681541692269406
40	902	903	1	15.811388300841896
41	903	904	1	17.204650534085253
42	904	905	1	13.45362404707371
43	905	906	1	16.401219466856727
44	906	907	1	17.08800749063506
45	907	908	1	18.027756377319946
46	908	909	1	18.027756377319946
47	909	910	1	19.235384061671343
48	910	911	1	18.24828759089466
49	911	912	1	18.681541692269406
50	912	913	1	19.235384061671343
51	913	914	1	20.024984394500787
52	914	915	1	18.24828759089466
53	915	916	1	19.209372712298546
54	916	917	1	14.7648230602334
55	917	918	1	1.4142135623730951
1	919	920	2	19.849433241279208
2	920	921	2	18.384776310850235
3	921	922	2	18.35755975068582
4	922	923	2	18.384776310850235
5	923	924	2	18.027756377319946
6	924	925	2	18.384776310850235
7	925	926	2	18.973665961010276
8	926	927	2	17.88854381999832
9	927	928	2	17.88854381999832
10	928	929	2	18.35755975068582
11	929	930	2	19.209372712298546
12	930	931	2	17.08800749063506
13	931	932	2	18.24828759089466
14	932	933	2	19.235384061671343
15	933	934	2	19.1049731745428
16	934	935	2	19.1049731745428
17	935	936	2	19.1049731745428
18	936	937	2	19.026297590440446
19	937	938	2	19.235384061671343
20	938	939	2	18.973665961010276
21	939	940	2	18.24828759089466
22	940	941	2	17.029386365926403
23	941	942	2	20.09975124224178
24	942	943	2	18.35755975068582
25	943	944	2	18.439088914585774
26	944	945	2	19.1049731745428
27	945	946	2	19.026297590440446
28	946	947	2	20.0
29	947	948	2	18.24828759089466
30	948	949	2	17.69180601295413
31	949	950	2	19.235384061671343
32	950	951	2	17.69180601295413
33	951	952	2	18.384776310850235
34	952	953	2	16.64331697709324
35	953	954	2	12.529964086141668
36	954	955	2	18.027756377319946
37	955	956	2	18.0
38	956	957	2	18.681541692269406
39	957	958	2	18.439088914585774
40	958	959	2	17.08800749063506
41	959	960	2	17.72004514666935
42	960	961	2	19.313207915827967
43	961	962	2	17.029386365926403
44	962	963	2	17.029386365926403
45	963	964	2	18.867962264113206
46	964	965	2	17.69180601295413
47	965	966	2	19.235384061671343
48	966	967	2	18.384776310850235
49	967	968	2	18.681541692269406
50	968	969	2	16.492422502470642
51	969	970	2	18.35755975068582
52	970	971	2	20.518284528683193
53	971	972	2	18.027756377319946
54	972	973	2	19.4164878389476
55	973	974	2	18.681541692269406
56	974	975	2	17.4928556845359
57	975	976	2	19.209372712298546
58	976	977	2	18.788294228055936
59	977	978	2	17.4928556845359
60	978	979	2	18.439088914585774
61	979	980	2	19.235384061671343
62	980	981	2	18.788294228055936
63	981	982	2	18.601075237738275
64	982	983	2	18.027756377319946
65	983	984	2	18.35755975068582
66	984	985	2	18.384776310850235
67	985	986	2	18.0
68	986	987	2	17.69180601295413
69	987	988	2	17.26267650163207
70	988	989	2	18.681541692269406
71	989	990	2	19.209372712298546
72	990	991	2	19.209372712298546
73	991	992	2	18.027756377319946
74	992	993	2	19.4164878389476
75	993	994	2	19.235384061671343
76	994	995	2	18.027756377319946
77	995	996	2	18.867962264113206
78	996	997	2	19.209372712298546
79	997	998	2	17.204650534085253
80	998	999	2	18.24828759089466
81	999	1000	2	20.0
82	1000	1001	2	14.7648230602334
83	1001	1002	2	19.235384061671343
84	1002	1003	2	19.313207915827967
85	1003	1004	2	18.439088914585774
86	1004	1005	2	18.601075237738275
87	1005	1006	2	19.209372712298546
88	1006	1007	2	19.849433241279208
89	1007	1008	2	18.439088914585774
90	1008	1009	2	19.4164878389476
91	1009	1010	2	18.681541692269406
92	1010	1011	2	19.235384061671343
93	1011	1012	2	19.209372712298546
94	1012	1013	2	18.439088914585774
95	1013	1014	2	17.46424919657298
96	1014	1015	2	15.652475842498529
97	1015	1016	2	16.64331697709324
98	1016	1017	2	16.97056274847714
99	1017	1018	2	17.46424919657298
100	1018	1019	2	17.69180601295413
101	1019	1020	2	18.439088914585774
102	1020	1021	2	18.027756377319946
103	1021	1022	2	19.849433241279208
104	1022	1023	2	15.811388300841896
105	1023	1024	2	18.35755975068582
106	1024	1025	2	16.55294535724685
107	1025	1026	2	17.4928556845359
108	1026	1027	2	18.24828759089466
109	1027	1028	2	19.1049731745428
110	1028	1029	2	17.88854381999832
111	1029	1030	2	12.727922061357855
112	1030	1031	2	5.830951894845301
113	1031	1032	2	18.384776310850235
114	1032	1033	2	19.79898987322333
115	1033	1034	2	18.439088914585774
116	1034	1035	2	18.24828759089466
117	1035	1036	2	18.384776310850235
118	1036	1037	2	18.867962264113206
119	1037	1038	2	18.439088914585774
120	1038	1039	2	18.35755975068582
121	1039	1040	2	18.788294228055936
122	1040	1041	2	19.0
123	1041	1042	2	17.46424919657298
124	1042	1043	2	18.439088914585774
125	1043	1044	2	19.026297590440446
126	1044	1045	2	19.1049731745428
127	1045	1046	2	18.867962264113206
128	1046	1047	2	18.0
129	1047	1048	2	18.867962264113206
130	1048	1049	2	18.439088914585774
131	1049	1050	2	18.384776310850235
132	1050	1051	2	17.08800749063506
133	1051	1052	2	17.11724276862369
134	1052	1053	2	19.849433241279208
135	1053	1054	2	15.811388300841896
136	1054	1055	2	1.0
1	1056	1057	3	21.213203435596427
2	1057	1058	3	19.1049731745428
3	1058	1059	3	17.804493814764857
4	1059	1060	3	18.681541692269406
5	1060	1061	3	18.027756377319946
6	1061	1062	3	18.439088914585774
7	1062	1063	3	17.72004514666935
8	1063	1064	3	18.027756377319946
9	1064	1065	3	18.601075237738275
10	1065	1066	3	18.601075237738275
11	1066	1067	3	19.235384061671343
12	1067	1068	3	19.1049731745428
13	1068	1069	3	19.1049731745428
14	1069	1070	3	17.4928556845359
15	1070	1071	3	19.4164878389476
16	1071	1072	3	17.11724276862369
17	1072	1073	3	18.973665961010276
18	1073	1074	3	19.849433241279208
19	1074	1075	3	5.385164807134504
20	1075	1076	3	8.94427190999916
21	1076	1077	3	4.47213595499958
22	1077	1078	3	18.439088914585774
23	1078	1079	3	18.027756377319946
24	1079	1080	3	19.235384061671343
25	1080	1081	3	19.1049731745428
26	1081	1082	3	18.973665961010276
27	1082	1083	3	19.1049731745428
28	1083	1084	3	18.867962264113206
29	1084	1085	3	19.4164878389476
30	1085	1086	3	18.439088914585774
31	1086	1087	3	17.4928556845359
32	1087	1088	3	19.026297590440446
33	1088	1089	3	18.384776310850235
34	1089	1090	3	18.867962264113206
35	1090	1091	3	18.439088914585774
36	1091	1092	3	19.209372712298546
37	1092	1093	3	19.1049731745428
38	1093	1094	3	18.35755975068582
39	1094	1095	3	18.788294228055936
40	1095	1096	3	18.110770276274835
41	1096	1097	3	18.027756377319946
42	1097	1098	3	18.788294228055936
43	1098	1099	3	18.867962264113206
44	1099	1100	3	18.439088914585774
45	1100	1101	3	18.384776310850235
46	1101	1102	3	18.35755975068582
47	1102	1103	3	18.027756377319946
48	1103	1104	3	17.4928556845359
49	1104	1105	3	17.88854381999832
50	1105	1106	3	18.384776310850235
51	1106	1107	3	18.681541692269406
52	1107	1108	3	18.788294228055936
53	1108	1109	3	19.235384061671343
54	1109	1110	3	16.64331697709324
55	1110	1111	3	18.601075237738275
56	1111	1112	3	19.026297590440446
57	1112	1113	3	18.867962264113206
58	1113	1114	3	18.681541692269406
59	1114	1115	3	17.4928556845359
60	1115	1116	3	17.69180601295413
61	1116	1117	3	18.35755975068582
62	1117	1118	3	18.110770276274835
63	1118	1119	3	17.72004514666935
64	1119	1120	3	19.1049731745428
65	1120	1121	3	19.026297590440446
66	1121	1122	3	18.439088914585774
67	1122	1123	3	19.209372712298546
68	1123	1124	3	18.027756377319946
69	1124	1125	3	17.46424919657298
70	1125	1126	3	19.4164878389476
71	1126	1127	3	18.439088914585774
72	1127	1128	3	17.0
73	1128	1129	3	17.46424919657298
74	1129	1130	3	18.35755975068582
75	1130	1131	3	18.027756377319946
76	1131	1132	3	19.4164878389476
77	1132	1133	3	18.384776310850235
78	1133	1134	3	18.681541692269406
79	1134	1135	3	18.110770276274835
80	1135	1136	3	18.027756377319946
81	1136	1137	3	1.0
82	1137	1138	3	1.0
1	1139	1140	1	18.973665961010276
2	1140	1141	1	18.439088914585774
3	1141	1142	1	19.849433241279208
4	1142	1143	1	18.35755975068582
5	1143	1144	1	19.209372712298546
6	1144	1145	1	18.439088914585774
7	1145	1146	1	12.806248474865697
8	1146	1147	1	1.0
9	1147	1148	1	7.0710678118654755
10	1148	1149	1	18.35755975068582
11	1149	1150	1	17.804493814764857
12	1150	1151	1	18.439088914585774
13	1151	1152	1	18.439088914585774
14	1152	1153	1	18.439088914585774
15	1153	1154	1	17.72004514666935
16	1154	1155	1	19.235384061671343
17	1155	1156	1	19.1049731745428
18	1156	1157	1	18.027756377319946
19	1157	1158	1	18.681541692269406
20	1158	1159	1	18.681541692269406
21	1159	1160	1	19.4164878389476
22	1160	1161	1	17.804493814764857
23	1161	1162	1	19.026297590440446
24	1162	1163	1	19.0
25	1163	1164	1	18.35755975068582
26	1164	1165	1	20.024984394500787
27	1165	1166	1	18.0
28	1166	1167	1	19.026297590440446
29	1167	1168	1	18.110770276274835
30	1168	1169	1	19.4164878389476
31	1169	1170	1	18.439088914585774
32	1170	1171	1	18.681541692269406
33	1171	1172	1	19.235384061671343
34	1172	1173	1	18.439088914585774
35	1173	1174	1	18.788294228055936
36	1174	1175	1	17.4928556845359
37	1175	1176	1	17.46424919657298
38	1176	1177	1	18.110770276274835
39	1177	1178	1	19.0
40	1178	1179	1	18.027756377319946
41	1179	1180	1	19.697715603592208
42	1180	1181	1	18.439088914585774
43	1181	1182	1	18.027756377319946
44	1182	1183	1	20.223748416156685
45	1183	1184	1	18.681541692269406
46	1184	1185	1	17.72004514666935
47	1185	1186	1	19.026297590440446
48	1186	1187	1	17.72004514666935
49	1187	1188	1	18.601075237738275
50	1188	1189	1	20.09975124224178
51	1189	1190	1	17.88854381999832
52	1190	1191	1	18.439088914585774
53	1191	1192	1	18.384776310850235
54	1192	1193	1	18.24828759089466
55	1193	1194	1	19.026297590440446
56	1194	1195	1	19.235384061671343
57	1195	1196	1	19.026297590440446
58	1196	1197	1	18.681541692269406
59	1197	1198	1	12.041594578792296
60	1198	1199	1	1.0
1	1200	1201	1	20.09975124224178
2	1201	1202	1	20.0
3	1202	1203	1	20.0
4	1203	1204	1	20.0
5	1204	1205	1	19.1049731745428
6	1205	1206	1	19.209372712298546
7	1206	1207	1	18.867962264113206
8	1207	1208	1	16.97056274847714
9	1208	1209	1	16.97056274847714
10	1209	1210	1	19.235384061671343
11	1210	1211	1	17.46424919657298
12	1211	1212	1	18.439088914585774
13	1212	1213	1	19.6468827043885
14	1213	1214	1	18.24828759089466
15	1214	1215	1	18.35755975068582
16	1215	1216	1	18.24828759089466
17	1216	1217	1	18.0
18	1217	1218	1	20.0
19	1218	1219	1	18.027756377319946
20	1219	1220	1	18.384776310850235
21	1220	1221	1	18.788294228055936
22	1221	1222	1	18.788294228055936
23	1222	1223	1	19.1049731745428
24	1223	1224	1	17.804493814764857
25	1224	1225	1	1.0
26	1225	1226	1	12.36931687685298
27	1226	1227	1	1.0
28	1227	1228	1	1.4142135623730951
1	1229	1230	2	18.439088914585774
2	1230	1231	2	19.79898987322333
3	1231	1232	2	17.88854381999832
4	1232	1233	2	18.24828759089466
5	1233	1234	2	13.601470508735444
6	1234	1235	2	19.235384061671343
7	1235	1236	2	19.026297590440446
8	1236	1237	2	18.384776310850235
9	1237	1238	2	18.027756377319946
10	1238	1239	2	18.027756377319946
11	1239	1240	2	18.788294228055936
12	1240	1241	2	18.35755975068582
13	1241	1242	2	19.235384061671343
14	1242	1243	2	18.681541692269406
15	1243	1244	2	18.439088914585774
16	1244	1245	2	19.026297590440446
17	1245	1246	2	18.35755975068582
18	1246	1247	2	18.384776310850235
19	1247	1248	2	16.0312195418814
20	1248	1249	2	18.867962264113206
21	1249	1250	2	17.0
22	1250	1251	2	19.235384061671343
23	1251	1252	2	18.601075237738275
24	1252	1253	2	18.35755975068582
25	1253	1254	2	18.027756377319946
26	1254	1255	2	18.867962264113206
27	1255	1256	2	19.1049731745428
28	1256	1257	2	17.69180601295413
29	1257	1258	2	18.439088914585774
30	1258	1259	2	18.867962264113206
31	1259	1260	2	18.027756377319946
32	1260	1261	2	20.518284528683193
33	1261	1262	2	17.69180601295413
34	1262	1263	2	18.027756377319946
35	1263	1264	2	17.88854381999832
36	1264	1265	2	19.72308292331602
37	1265	1266	2	17.11724276862369
38	1266	1267	2	18.788294228055936
39	1267	1268	2	18.384776310850235
40	1268	1269	2	5.830951894845301
41	1269	1270	2	13.892443989449804
42	1270	1271	2	1.0
43	1271	1272	2	11.313708498984761
44	1272	1273	2	1.4142135623730951
1	1274	1275	3	19.235384061671343
2	1275	1276	3	19.1049731745428
3	1276	1277	3	19.4164878389476
4	1277	1278	3	16.64331697709324
5	1278	1279	3	17.08800749063506
6	1279	1280	3	18.788294228055936
7	1280	1281	3	18.027756377319946
8	1281	1282	3	17.88854381999832
9	1282	1283	3	19.1049731745428
10	1283	1284	3	19.72308292331602
11	1284	1285	3	16.1245154965971
12	1285	1286	3	18.384776310850235
13	1286	1287	3	19.72308292331602
14	1287	1288	3	16.1245154965971
15	1288	1289	3	18.35755975068582
16	1289	1290	3	16.55294535724685
17	1290	1291	3	18.35755975068582
18	1291	1292	3	18.867962264113206
19	1292	1293	3	19.4164878389476
20	1293	1294	3	17.4928556845359
21	1294	1295	3	18.681541692269406
22	1295	1296	3	19.026297590440446
23	1296	1297	3	17.08800749063506
24	1297	1298	3	1.4142135623730951
1	1299	1300	1	18.0
2	1300	1301	1	18.788294228055936
3	1301	1302	1	18.35755975068582
4	1302	1303	1	18.601075237738275
5	1303	1304	1	19.235384061671343
6	1304	1305	1	17.88854381999832
7	1305	1306	1	18.788294228055936
8	1306	1307	1	15.620499351813308
9	1307	1308	1	1.0
10	1308	1309	1	1.0
1	1310	1311	3	20.0
2	1311	1312	3	18.35755975068582
3	1312	1313	3	19.4164878389476
4	1313	1314	3	18.384776310850235
5	1314	1315	3	17.11724276862369
6	1315	1316	3	19.0
7	1316	1317	3	18.681541692269406
8	1317	1318	3	18.867962264113206
9	1318	1319	3	19.026297590440446
10	1319	1320	3	18.867962264113206
11	1320	1321	3	18.601075237738275
12	1321	1322	3	1.0
13	1322	1323	3	18.439088914585774
14	1323	1324	3	18.027756377319946
15	1324	1325	3	18.788294228055936
16	1325	1326	3	18.24828759089466
17	1326	1327	3	18.24828759089466
18	1327	1328	3	18.681541692269406
19	1328	1329	3	18.973665961010276
20	1329	1330	3	18.439088914585774
21	1330	1331	3	16.278820596099706
22	1331	1332	3	18.973665961010276
23	1332	1333	3	18.439088914585774
24	1333	1334	3	19.1049731745428
25	1334	1335	3	19.1049731745428
26	1335	1336	3	19.1049731745428
27	1336	1337	3	19.1049731745428
28	1337	1338	3	17.4928556845359
29	1338	1339	3	18.439088914585774
30	1339	1340	3	18.35755975068582
31	1340	1341	3	18.973665961010276
32	1341	1342	3	18.027756377319946
33	1342	1343	3	18.384776310850235
34	1343	1344	3	19.79898987322333
35	1344	1345	3	18.867962264113206
36	1345	1346	3	18.384776310850235
37	1346	1347	3	16.64331697709324
38	1347	1348	3	18.35755975068582
39	1348	1349	3	17.4928556845359
40	1349	1350	3	19.849433241279208
41	1350	1351	3	18.027756377319946
42	1351	1352	3	18.35755975068582
43	1352	1353	3	17.46424919657298
44	1353	1354	3	19.1049731745428
45	1354	1355	3	19.849433241279208
46	1355	1356	3	19.1049731745428
47	1356	1357	3	1.4142135623730951
1	1358	1359	4	18.439088914585774
2	1359	1360	4	19.209372712298546
3	1360	1361	4	19.235384061671343
4	1361	1362	4	17.88854381999832
5	1362	1363	4	17.72004514666935
6	1363	1364	4	18.384776310850235
7	1364	1365	4	16.492422502470642
8	1365	1366	4	18.35755975068582
9	1366	1367	4	17.204650534085253
10	1367	1368	4	18.601075237738275
11	1368	1369	4	18.384776310850235
12	1369	1370	4	19.6468827043885
13	1370	1371	4	18.35755975068582
14	1371	1372	4	18.384776310850235
15	1372	1373	4	18.788294228055936
16	1373	1374	4	18.867962264113206
17	1374	1375	4	18.439088914585774
18	1375	1376	4	17.72004514666935
19	1376	1377	4	18.681541692269406
20	1377	1378	4	15.0
21	1378	1379	4	1.0
1	1380	1381	4	19.72308292331602
2	1381	1382	4	17.029386365926403
3	1382	1383	4	18.681541692269406
4	1383	1384	4	18.867962264113206
5	1384	1385	4	18.35755975068582
6	1385	1386	4	17.69180601295413
7	1386	1387	4	19.849433241279208
8	1387	1388	4	16.1245154965971
9	1388	1389	4	20.518284528683193
10	1389	1390	4	17.69180601295413
11	1390	1391	4	19.849433241279208
12	1391	1392	4	18.601075237738275
13	1392	1393	4	18.027756377319946
14	1393	1394	4	18.439088914585774
15	1394	1395	4	18.384776310850235
16	1395	1396	4	18.788294228055936
17	1396	1397	4	17.08800749063506
18	1397	1398	4	19.79898987322333
19	1398	1399	4	18.35755975068582
20	1399	1400	4	17.0
21	1400	1401	4	19.1049731745428
22	1401	1402	4	19.1049731745428
23	1402	1403	4	19.209372712298546
24	1403	1404	4	19.1049731745428
25	1404	1405	4	18.384776310850235
26	1405	1406	4	19.026297590440446
27	1406	1407	4	19.235384061671343
28	1407	1408	4	18.35755975068582
29	1408	1409	4	17.26267650163207
30	1409	1410	4	19.6468827043885
31	1410	1411	4	19.026297590440446
32	1411	1412	4	18.0
33	1412	1413	4	19.1049731745428
34	1413	1414	4	18.384776310850235
35	1414	1415	4	18.027756377319946
36	1415	1416	4	18.601075237738275
37	1416	1417	4	1.0
38	1417	1418	4	19.4164878389476
39	1418	1419	4	18.24828759089466
40	1419	1420	4	19.313207915827967
41	1420	1421	4	16.76305461424021
42	1421	1422	4	11.40175425099138
43	1422	1423	4	1.0
1	1424	1425	1	18.384776310850235
2	1425	1426	1	18.027756377319946
3	1426	1427	1	17.72004514666935
4	1427	1428	1	18.027756377319946
5	1428	1429	1	18.601075237738275
6	1429	1430	1	16.15549442140351
7	1430	1431	1	18.681541692269406
8	1431	1432	1	18.027756377319946
9	1432	1433	1	19.1049731745428
10	1433	1434	1	19.235384061671343
11	1434	1435	1	9.486832980505138
12	1435	1436	1	16.0312195418814
13	1436	1437	1	15.297058540778355
14	1437	1438	1	3.605551275463989
15	1438	1439	1	16.492422502470642
16	1439	1440	1	18.027756377319946
17	1440	1441	1	19.026297590440446
18	1441	1442	1	18.439088914585774
19	1442	1443	1	17.0
20	1443	1444	1	5.385164807134504
21	1444	1445	1	1.4142135623730951
1	1446	1447	4	17.11724276862369
2	1447	1448	4	19.235384061671343
3	1448	1449	4	18.027756377319946
4	1449	1450	4	14.0
5	1450	1451	4	1.0
1	1452	1453	4	20.0
2	1453	1454	4	19.026297590440446
3	1454	1455	4	20.024984394500787
4	1455	1456	4	19.026297590440446
5	1456	1457	4	17.11724276862369
6	1457	1458	4	17.88854381999832
7	1458	1459	4	18.24828759089466
8	1459	1460	4	18.439088914585774
9	1460	1461	4	18.027756377319946
10	1461	1462	4	17.72004514666935
11	1462	1463	4	18.439088914585774
12	1463	1464	4	18.681541692269406
13	1464	1465	4	19.4164878389476
14	1465	1466	4	17.08800749063506
15	1466	1467	4	18.027756377319946
16	1467	1468	4	19.235384061671343
17	1468	1469	4	19.1049731745428
18	1469	1470	4	19.0
19	1470	1471	4	18.439088914585774
20	1471	1472	4	18.027756377319946
21	1472	1473	4	19.209372712298546
22	1473	1474	4	18.24828759089466
23	1474	1475	4	16.492422502470642
24	1475	1476	4	18.681541692269406
25	1476	1477	4	19.026297590440446
26	1477	1478	4	16.76305461424021
27	1478	1479	4	18.027756377319946
28	1479	1480	4	19.026297590440446
29	1480	1481	4	18.027756377319946
30	1481	1482	4	18.973665961010276
31	1482	1483	4	18.384776310850235
32	1483	1484	4	19.4164878389476
33	1484	1485	4	18.439088914585774
34	1485	1486	4	14.866068747318506
35	1486	1487	4	1.4142135623730951
1	1488	1489	4	18.788294228055936
2	1489	1490	4	18.788294228055936
3	1490	1491	4	18.439088914585774
4	1491	1492	4	19.1049731745428
5	1492	1493	4	20.024984394500787
6	1493	1494	4	18.0
7	1494	1495	4	19.1049731745428
8	1495	1496	4	19.1049731745428
9	1496	1497	4	18.439088914585774
10	1497	1498	4	19.235384061671343
11	1498	1499	4	18.384776310850235
12	1499	1500	4	18.439088914585774
13	1500	1501	4	19.026297590440446
14	1501	1502	4	18.788294228055936
15	1502	1503	4	19.235384061671343
16	1503	1504	4	17.11724276862369
17	1504	1505	4	20.09975124224178
18	1505	1506	4	18.681541692269406
19	1506	1507	4	19.1049731745428
20	1507	1508	4	17.804493814764857
21	1508	1509	4	18.867962264113206
22	1509	1510	4	3.605551275463989
23	1510	1511	4	1.4142135623730951
1	1512	1513	4	19.313207915827967
2	1513	1514	4	19.1049731745428
3	1514	1515	4	18.027756377319946
4	1515	1516	4	18.24828759089466
5	1516	1517	4	18.384776310850235
6	1517	1518	4	18.027756377319946
7	1518	1519	4	18.867962264113206
8	1519	1520	4	18.788294228055936
9	1520	1521	4	1.4142135623730951
10	1521	1522	4	1.0
1	1523	1524	1	19.4164878389476
2	1524	1525	1	15.652475842498529
3	1525	1526	1	17.4928556845359
4	1526	1527	1	1.4142135623730951
1	1528	1529	4	18.439088914585774
2	1529	1530	4	19.4164878389476
3	1530	1531	4	18.384776310850235
4	1531	1532	4	19.1049731745428
5	1532	1533	4	17.08800749063506
6	1533	1534	4	18.681541692269406
7	1534	1535	4	19.313207915827967
8	1535	1536	4	17.88854381999832
9	1536	1537	4	17.88854381999832
10	1537	1538	4	18.027756377319946
11	1538	1539	4	18.601075237738275
12	1539	1540	4	19.313207915827967
13	1540	1541	4	17.204650534085253
14	1541	1542	4	19.1049731745428
15	1542	1543	4	17.69180601295413
16	1543	1544	4	18.601075237738275
17	1544	1545	4	19.209372712298546
18	1545	1546	4	18.788294228055936
19	1546	1547	4	18.384776310850235
20	1547	1548	4	18.027756377319946
21	1548	1549	4	20.024984394500787
22	1549	1550	4	20.024984394500787
23	1550	1551	4	16.492422502470642
24	1551	1552	4	18.027756377319946
25	1552	1553	4	18.439088914585774
26	1553	1554	4	16.76305461424021
27	1554	1555	4	18.027756377319946
28	1555	1556	4	18.439088914585774
29	1556	1557	4	19.0
30	1557	1558	4	18.384776310850235
31	1558	1559	4	20.0
32	1559	1560	4	18.384776310850235
33	1560	1561	4	20.024984394500787
34	1561	1562	4	18.027756377319946
35	1562	1563	4	18.24828759089466
36	1563	1564	4	19.209372712298546
37	1564	1565	4	18.439088914585774
38	1565	1566	4	19.235384061671343
39	1566	1567	4	18.439088914585774
40	1567	1568	4	20.518284528683193
41	1568	1569	4	19.1049731745428
42	1569	1570	4	17.69180601295413
43	1570	1571	4	19.79898987322333
44	1571	1572	4	18.35755975068582
45	1572	1573	4	3.1622776601683795
46	1573	1574	4	15.524174696260024
47	1574	1575	4	17.88854381999832
48	1575	1576	4	3.605551275463989
49	1576	1577	4	15.0
50	1577	1578	4	18.681541692269406
51	1578	1579	4	18.681541692269406
52	1579	1580	4	19.4164878389476
53	1580	1581	4	17.69180601295413
54	1581	1582	4	18.601075237738275
55	1582	1583	4	18.384776310850235
56	1583	1584	4	18.35755975068582
57	1584	1585	4	18.439088914585774
58	1585	1586	4	18.35755975068582
59	1586	1587	4	1.0
60	1587	1588	4	1.0
1	1589	1590	4	19.235384061671343
2	1590	1591	4	18.384776310850235
3	1591	1592	4	18.027756377319946
4	1592	1593	4	18.973665961010276
5	1593	1594	4	17.72004514666935
6	1594	1595	4	18.788294228055936
7	1595	1596	4	18.681541692269406
8	1596	1597	4	18.681541692269406
9	1597	1598	4	18.35755975068582
10	1598	1599	4	18.35755975068582
11	1599	1600	4	17.72004514666935
12	1600	1601	4	18.439088914585774
13	1601	1602	4	18.027756377319946
14	1602	1603	4	18.601075237738275
15	1603	1604	4	18.601075237738275
16	1604	1605	4	18.973665961010276
17	1605	1606	4	20.0
18	1606	1607	4	18.24828759089466
19	1607	1608	4	19.235384061671343
20	1608	1609	4	19.235384061671343
21	1609	1610	4	18.601075237738275
22	1610	1611	4	17.46424919657298
23	1611	1612	4	19.4164878389476
24	1612	1613	4	18.601075237738275
25	1613	1614	4	17.804493814764857
26	1614	1615	4	18.867962264113206
27	1615	1616	4	19.79898987322333
28	1616	1617	4	18.601075237738275
29	1617	1618	4	19.1049731745428
30	1618	1619	4	18.384776310850235
31	1619	1620	4	19.4164878389476
32	1620	1621	4	19.1049731745428
33	1621	1622	4	19.235384061671343
34	1622	1623	4	20.0
35	1623	1624	4	19.235384061671343
36	1624	1625	4	18.439088914585774
37	1625	1626	4	19.1049731745428
38	1626	1627	4	17.804493814764857
39	1627	1628	4	18.867962264113206
40	1628	1629	4	16.55294535724685
41	1629	1630	4	18.681541692269406
42	1630	1631	4	18.027756377319946
43	1631	1632	4	18.35755975068582
44	1632	1633	4	17.46424919657298
45	1633	1634	4	19.209372712298546
46	1634	1635	4	19.0
47	1635	1636	4	20.0
48	1636	1637	4	16.76305461424021
49	1637	1638	4	17.46424919657298
50	1638	1639	4	19.1049731745428
51	1639	1640	4	18.439088914585774
52	1640	1641	4	17.4928556845359
53	1641	1642	4	18.601075237738275
54	1642	1643	4	17.46424919657298
55	1643	1644	4	19.4164878389476
56	1644	1645	4	18.681541692269406
57	1645	1646	4	19.1049731745428
58	1646	1647	4	17.804493814764857
59	1647	1648	4	18.027756377319946
60	1648	1649	4	18.027756377319946
61	1649	1650	4	18.788294228055936
62	1650	1651	4	18.384776310850235
63	1651	1652	4	19.0
64	1652	1653	4	18.681541692269406
65	1653	1654	4	17.0
66	1654	1655	4	18.110770276274835
67	1655	1656	4	18.384776310850235
68	1656	1657	4	4.0
69	1657	1658	4	16.401219466856727
70	1658	1659	4	17.804493814764857
71	1659	1660	4	18.35755975068582
72	1660	1661	4	17.204650534085253
73	1661	1662	4	19.1049731745428
74	1662	1663	4	10.0
75	1663	1664	4	10.04987562112089
76	1664	1665	4	18.384776310850235
77	1665	1666	4	19.209372712298546
78	1666	1667	4	1.4142135623730951
79	1667	1668	4	1.4142135623730951
1	1669	1670	1	18.35755975068582
2	1670	1671	1	18.788294228055936
3	1671	1672	1	19.4164878389476
4	1672	1673	1	18.35755975068582
5	1673	1674	1	17.46424919657298
6	1674	1675	1	17.4928556845359
7	1675	1676	1	18.110770276274835
8	1676	1677	1	18.439088914585774
9	1677	1678	1	18.35755975068582
10	1678	1679	1	16.0312195418814
11	1679	1680	1	18.027756377319946
12	1680	1681	1	18.35755975068582
13	1681	1682	1	19.4164878389476
14	1682	1683	1	1.0
15	1683	1684	1	18.681541692269406
16	1684	1685	1	15.620499351813308
17	1685	1686	1	17.0
18	1686	1687	1	18.788294228055936
19	1687	1688	1	18.439088914585774
20	1688	1689	1	19.4164878389476
21	1689	1690	1	19.026297590440446
22	1690	1691	1	18.681541692269406
23	1691	1692	1	19.1049731745428
24	1692	1693	1	18.384776310850235
25	1693	1694	1	19.235384061671343
26	1694	1695	1	18.681541692269406
27	1695	1696	1	18.681541692269406
28	1696	1697	1	17.204650534085253
29	1697	1698	1	18.110770276274835
30	1698	1699	1	17.46424919657298
31	1699	1700	1	3.605551275463989
32	1700	1701	1	1.0
1	1702	1703	4	19.209372712298546
2	1703	1704	4	18.384776310850235
3	1704	1705	4	17.204650534085253
4	1705	1706	4	19.1049731745428
5	1706	1707	4	20.0
6	1707	1708	4	17.08800749063506
7	1708	1709	4	19.4164878389476
8	1709	1710	4	17.0
9	1710	1711	4	19.313207915827967
10	1711	1712	4	18.24828759089466
11	1712	1713	4	20.518284528683193
12	1713	1714	4	17.69180601295413
13	1714	1715	4	19.849433241279208
14	1715	1716	4	18.35755975068582
15	1716	1717	4	18.601075237738275
16	1717	1718	4	17.88854381999832
17	1718	1719	4	19.235384061671343
18	1719	1720	4	18.110770276274835
19	1720	1721	4	19.6468827043885
20	1721	1722	4	17.08800749063506
21	1722	1723	4	18.601075237738275
22	1723	1724	4	19.79898987322333
23	1724	1725	4	17.804493814764857
24	1725	1726	4	19.026297590440446
25	1726	1727	4	20.0
26	1727	1728	4	8.246211251235321
27	1728	1729	4	1.4142135623730951
1	1730	1731	4	19.79898987322333
2	1731	1732	4	17.88854381999832
3	1732	1733	4	18.384776310850235
4	1733	1734	4	19.1049731745428
5	1734	1735	4	17.029386365926403
6	1735	1736	4	18.788294228055936
7	1736	1737	4	18.35755975068582
8	1737	1738	4	18.867962264113206
9	1738	1739	4	8.06225774829855
10	1739	1740	4	12.0
11	1740	1741	4	16.0
12	1741	1742	4	1.0
13	1742	1743	4	18.027756377319946
14	1743	1744	4	18.24828759089466
15	1744	1745	4	19.026297590440446
16	1745	1746	4	18.027756377319946
17	1746	1747	4	19.1049731745428
18	1747	1748	4	16.55294535724685
