440
CP_ID	CP_CSID	CP_POSIDX	CP_W	CP_Z	CP_RGH	CP_BLOCK
1	1	1	-43	6	0.025	1
2	1	2	-35	2	0.025	1
3	1	3	-13	2	0.025	1
4	1	4	-10	0	0.025	1
5	1	5	10	0	0.025	1
6	1	6	13	2	0.025	1
7	1	7	35	2	0.025	1
8	1	8	43	6	0.025	1
9	2	1	-43	6	0.025	1
10	2	2	-35	2	0.025	1
11	2	3	-13	2	0.025	1
12	2	4	-10	0	0.025	1
13	2	5	10	0	0.025	1
14	2	6	13	2	0.025	1
15	2	7	35	2	0.025	1
16	2	8	43	6	0.025	1
17	3	1	-43	6	0.025	1
18	3	2	-35	2	0.025	1
19	3	3	-13	2	0.025	1
20	3	4	-10	0	0.025	1
21	3	5	10	0	0.025	1
22	3	6	13	2	0.025	1
23	3	7	35	2	0.025	1
24	3	8	43	6	0.025	1
25	4	1	-43	6	0.025	1
26	4	2	-35	2	0.025	1
27	4	3	-13	2	0.025	1
28	4	4	-10	0	0.025	1
29	4	5	10	0	0.025	1
30	4	6	13	2	0.025	1
31	4	7	35	2	0.025	1
32	4	8	43	6	0.025	1
33	5	1	-43	6	0.025	1
34	5	2	-35	2	0.025	1
35	5	3	-13	2	0.025	1
36	5	4	-10	0	0.025	1
37	5	5	10	0	0.025	1
38	5	6	13	2	0.025	1
39	5	7	35	2	0.025	1
40	5	8	43	6	0.025	1
41	6	1	-43	6	0.025	1
42	6	2	-35	2	0.025	1
43	6	3	-13	2	0.025	1
44	6	4	-10	0	0.025	1
45	6	5	10	0	0.025	1
46	6	6	13	2	0.025	1
47	6	7	35	2	0.025	1
48	6	8	43	6	0.025	1
49	7	1	-43	6	0.025	1
50	7	2	-35	2	0.025	1
51	7	3	-13	2	0.025	1
52	7	4	-10	0	0.025	1
53	7	5	10	0	0.025	1
54	7	6	13	2	0.025	1
55	7	7	35	2	0.025	1
56	7	8	43	6	0.025	1
57	8	1	-43	6	0.025	1
58	8	2	-35	2	0.025	1
59	8	3	-13	2	0.025	1
60	8	4	-10	0	0.025	1
61	8	5	10	0	0.025	1
62	8	6	13	2	0.025	1
63	8	7	35	2	0.025	1
64	8	8	43	6	0.025	1
65	9	1	-43	6	0.025	1
66	9	2	-35	2	0.025	1
67	9	3	-13	2	0.025	1
68	9	4	-10	0	0.025	1
69	9	5	10	0	0.025	1
70	9	6	13	2	0.025	1
71	9	7	35	2	0.025	1
72	9	8	43	6	0.025	1
73	10	1	-43	6	0.025	1
74	10	2	-35	2	0.025	1
75	10	3	-13	2	0.025	1
76	10	4	-10	0	0.025	1
77	10	5	10	0	0.025	1
78	10	6	13	2	0.025	1
79	10	7	35	2	0.025	1
80	10	8	43	6	0.025	1
81	11	1	-43	6	0.025	1
82	11	2	-35	2	0.025	1
83	11	3	-13	2	0.025	1
84	11	4	-10	0	0.025	1
85	11	5	10	0	0.025	1
86	11	6	13	2	0.025	1
87	11	7	35	2	0.025	1
88	11	8	43	6	0.025	1
89	12	1	-43	6	0.025	1
90	12	2	-35	2	0.025	1
91	12	3	-13	2	0.025	1
92	12	4	-10	0	0.025	1
93	12	5	10	0	0.025	1
94	12	6	13	2	0.025	1
95	12	7	35	2	0.025	1
96	12	8	43	6	0.025	1
97	13	1	-43	6	0.025	1
98	13	2	-35	2	0.025	1
99	13	3	-13	2	0.025	1
100	13	4	-10	0	0.025	1
101	13	5	10	0	0.025	1
102	13	6	13	2	0.025	1
103	13	7	35	2	0.025	1
104	13	8	43	6	0.025	1
105	14	1	-43	6	0.025	1
106	14	2	-35	2	0.025	1
107	14	3	-13	2	0.025	1
108	14	4	-10	0	0.025	1
109	14	5	10	0	0.025	1
110	14	6	13	2	0.025	1
111	14	7	35	2	0.025	1
112	14	8	43	6	0.025	1
113	15	1	-43	6	0.025	1
114	15	2	-35	2	0.025	1
115	15	3	-13	2	0.025	1
116	15	4	-10	0	0.025	1
117	15	5	10	0	0.025	1
118	15	6	13	2	0.025	1
119	15	7	35	2	0.025	1
120	15	8	43	6	0.025	1
121	16	1	-43	6	0.025	1
122	16	2	-35	2	0.025	1
123	16	3	-13	2	0.025	1
124	16	4	-10	0	0.025	1
125	16	5	10	0	0.025	1
126	16	6	13	2	0.025	1
127	16	7	35	2	0.025	1
128	16	8	43	6	0.025	1
129	17	1	-43	6	0.025	1
130	17	2	-35	2	0.025	1
131	17	3	-13	2	0.025	1
132	17	4	-10	0	0.025	1
133	17	5	10	0	0.025	1
134	17	6	13	2	0.025	1
135	17	7	35	2	0.025	1
136	17	8	43	6	0.025	1
137	18	1	-43	6	0.025	1
138	18	2	-35	2	0.025	1
139	18	3	-13	2	0.025	1
140	18	4	-10	0	0.025	1
141	18	5	10	0	0.025	1
142	18	6	13	2	0.025	1
143	18	7	35	2	0.025	1
144	18	8	43	6	0.025	1
145	19	1	-43	6	0.025	1
146	19	2	-35	2	0.025	1
147	19	3	-13	2	0.025	1
148	19	4	-10	0	0.025	1
149	19	5	10	0	0.025	1
150	19	6	13	2	0.025	1
151	19	7	35	2	0.025	1
152	19	8	43	6	0.025	1
153	20	1	-43	6	0.025	1
154	20	2	-35	2	0.025	1
155	20	3	-13	2	0.025	1
156	20	4	-10	0	0.025	1
157	20	5	10	0	0.025	1
158	20	6	13	2	0.025	1
159	20	7	35	2	0.025	1
160	20	8	43	6	0.025	1
161	21	1	-43	6	0.025	1
162	21	2	-35	2	0.025	1
163	21	3	-13	2	0.025	1
164	21	4	-10	0	0.025	1
165	21	5	10	0	0.025	1
166	21	6	13	2	0.025	1
167	21	7	35	2	0.025	1
168	21	8	43	6	0.025	1
169	22	1	-43	6	0.025	1
170	22	2	-35	2	0.025	1
171	22	3	-13	2	0.025	1
172	22	4	-10	0	0.025	1
173	22	5	10	0	0.025	1
174	22	6	13	2	0.025	1
175	22	7	35	2	0.025	1
176	22	8	43	6	0.025	1
177	23	1	-43	6	0.025	1
178	23	2	-35	2	0.025	1
179	23	3	-13	2	0.025	1
180	23	4	-10	0	0.025	1
181	23	5	10	0	0.025	1
182	23	6	13	2	0.025	1
183	23	7	35	2	0.025	1
184	23	8	43	6	0.025	1
185	24	1	-43	6	0.025	1
186	24	2	-35	2	0.025	1
187	24	3	-13	2	0.025	1
188	24	4	-10	0	0.025	1
189	24	5	10	0	0.025	1
190	24	6	13	2	0.025	1
191	24	7	35	2	0.025	1
192	24	8	43	6	0.025	1
193	25	1	-43	6	0.025	1
194	25	2	-35	2	0.025	1
195	25	3	-13	2	0.025	1
196	25	4	-10	0	0.025	1
197	25	5	10	0	0.025	1
198	25	6	13	2	0.025	1
199	25	7	35	2	0.025	1
200	25	8	43	6	0.025	1
201	26	1	-43	6	0.025	1
202	26	2	-35	2	0.025	1
203	26	3	-13	2	0.025	1
204	26	4	-10	0	0.025	1
205	26	5	10	0	0.025	1
206	26	6	13	2	0.025	1
207	26	7	35	2	0.025	1
208	26	8	43	6	0.025	1
209	27	1	-43	6	0.025	1
210	27	2	-35	2	0.025	1
211	27	3	-13	2	0.025	1
212	27	4	-10	0	0.025	1
213	27	5	10	0	0.025	1
214	27	6	13	2	0.025	1
215	27	7	35	2	0.025	1
216	27	8	43	6	0.025	1
217	28	1	-43	6	0.025	1
218	28	2	-35	2	0.025	1
219	28	3	-13	2	0.025	1
220	28	4	-10	0	0.025	1
221	28	5	10	0	0.025	1
222	28	6	13	2	0.025	1
223	28	7	35	2	0.025	1
224	28	8	43	6	0.025	1
225	29	1	-43	6	0.025	1
226	29	2	-35	2	0.025	1
227	29	3	-13	2	0.025	1
228	29	4	-10	0	0.025	1
229	29	5	10	0	0.025	1
230	29	6	13	2	0.025	1
231	29	7	35	2	0.025	1
232	29	8	43	6	0.025	1
233	30	1	-43	6	0.025	1
234	30	2	-35	2	0.025	1
235	30	3	-13	2	0.025	1
236	30	4	-10	0	0.025	1
237	30	5	10	0	0.025	1
238	30	6	13	2	0.025	1
239	30	7	35	2	0.025	1
240	30	8	43	6	0.025	1
241	31	1	-43	6	0.025	1
242	31	2	-35	2	0.025	1
243	31	3	-13	2	0.025	1
244	31	4	-10	0	0.025	1
245	31	5	10	0	0.025	1
246	31	6	13	2	0.025	1
247	31	7	35	2	0.025	1
248	31	8	43	6	0.025	1
249	32	1	-43	6	0.025	1
250	32	2	-35	2	0.025	1
251	32	3	-13	2	0.025	1
252	32	4	-10	0	0.025	1
253	32	5	10	0	0.025	1
254	32	6	13	2	0.025	1
255	32	7	35	2	0.025	1
256	32	8	43	6	0.025	1
257	33	1	-43	6	0.025	1
258	33	2	-35	2	0.025	1
259	33	3	-13	2	0.025	1
260	33	4	-10	0	0.025	1
261	33	5	10	0	0.025	1
262	33	6	13	2	0.025	1
263	33	7	35	2	0.025	1
264	33	8	43	6	0.025	1
265	34	1	-43	6	0.025	1
266	34	2	-35	2	0.025	1
267	34	3	-13	2	0.025	1
268	34	4	-10	0	0.025	1
269	34	5	10	0	0.025	1
270	34	6	13	2	0.025	1
271	34	7	35	2	0.025	1
272	34	8	43	6	0.025	1
273	35	1	-43	6	0.025	1
274	35	2	-35	2	0.025	1
275	35	3	-13	2	0.025	1
276	35	4	-10	0	0.025	1
277	35	5	10	0	0.025	1
278	35	6	13	2	0.025	1
279	35	7	35	2	0.025	1
280	35	8	43	6	0.025	1
281	36	1	-43	6	0.025	1
282	36	2	-35	2	0.025	1
283	36	3	-13	2	0.025	1
284	36	4	-10	0	0.025	1
285	36	5	10	0	0.025	1
286	36	6	13	2	0.025	1
287	36	7	35	2	0.025	1
288	36	8	43	6	0.025	1
289	37	1	-43	6	0.025	1
290	37	2	-35	2	0.025	1
291	37	3	-13	2	0.025	1
292	37	4	-10	0	0.025	1
293	37	5	10	0	0.025	1
294	37	6	13	2	0.025	1
295	37	7	35	2	0.025	1
296	37	8	43	6	0.025	1
297	38	1	-43	6	0.025	1
298	38	2	-35	2	0.025	1
299	38	3	-13	2	0.025	1
300	38	4	-10	0	0.025	1
301	38	5	10	0	0.025	1
302	38	6	13	2	0.025	1
303	38	7	35	2	0.025	1
304	38	8	43	6	0.025	1
305	39	1	-43	6	0.025	1
306	39	2	-35	2	0.025	1
307	39	3	-13	2	0.025	1
308	39	4	-10	0	0.025	1
309	39	5	10	0	0.025	1
310	39	6	13	2	0.025	1
311	39	7	35	2	0.025	1
312	39	8	43	6	0.025	1
313	40	1	-43	6	0.025	1
314	40	2	-35	2	0.025	1
315	40	3	-13	2	0.025	1
316	40	4	-10	0	0.025	1
317	40	5	10	0	0.025	1
318	40	6	13	2	0.025	1
319	40	7	35	2	0.025	1
320	40	8	43	6	0.025	1
321	41	1	-43	6	0.025	1
322	41	2	-35	2	0.025	1
323	41	3	-13	2	0.025	1
324	41	4	-10	0	0.025	1
325	41	5	10	0	0.025	1
326	41	6	13	2	0.025	1
327	41	7	35	2	0.025	1
328	41	8	43	6	0.025	1
329	42	1	-43	6	0.025	1
330	42	2	-35	2	0.025	1
331	42	3	-13	2	0.025	1
332	42	4	-10	0	0.025	1
333	42	5	10	0	0.025	1
334	42	6	13	2	0.025	1
335	42	7	35	2	0.025	1
336	42	8	43	6	0.025	1
337	43	1	-43	6	0.025	1
338	43	2	-35	2	0.025	1
339	43	3	-13	2	0.025	1
340	43	4	-10	0	0.025	1
341	43	5	10	0	0.025	1
342	43	6	13	2	0.025	1
343	43	7	35	2	0.025	1
344	43	8	43	6	0.025	1
345	44	1	-43	6	0.025	1
346	44	2	-35	2	0.025	1
347	44	3	-13	2	0.025	1
348	44	4	-10	0	0.025	1
349	44	5	10	0	0.025	1
350	44	6	13	2	0.025	1
351	44	7	35	2	0.025	1
352	44	8	43	6	0.025	1
353	45	1	-43	6	0.025	1
354	45	2	-35	2	0.025	1
355	45	3	-13	2	0.025	1
356	45	4	-10	0	0.025	1
357	45	5	10	0	0.025	1
358	45	6	13	2	0.025	1
359	45	7	35	2	0.025	1
360	45	8	43	6	0.025	1
361	46	1	-43	6	0.025	1
362	46	2	-35	2	0.025	1
363	46	3	-13	2	0.025	1
364	46	4	-10	0	0.025	1
365	46	5	10	0	0.025	1
366	46	6	13	2	0.025	1
367	46	7	35	2	0.025	1
368	46	8	43	6	0.025	1
369	47	1	-43	6	0.025	1
370	47	2	-35	2	0.025	1
371	47	3	-13	2	0.025	1
372	47	4	-10	0	0.025	1
373	47	5	10	0	0.025	1
374	47	6	13	2	0.025	1
375	47	7	35	2	0.025	1
376	47	8	43	6	0.025	1
377	48	1	-43	6	0.025	1
378	48	2	-35	2	0.025	1
379	48	3	-13	2	0.025	1
380	48	4	-10	0	0.025	1
381	48	5	10	0	0.025	1
382	48	6	13	2	0.025	1
383	48	7	35	2	0.025	1
384	48	8	43	6	0.025	1
385	49	1	-43	6	0.025	1
386	49	2	-35	2	0.025	1
387	49	3	-13	2	0.025	1
388	49	4	-10	0	0.025	1
389	49	5	10	0	0.025	1
390	49	6	13	2	0.025	1
391	49	7	35	2	0.025	1
392	49	8	43	6	0.025	1
393	50	1	-43	6	0.025	1
394	50	2	-35	2	0.025	1
395	50	3	-13	2	0.025	1
396	50	4	-10	0	0.025	1
397	50	5	10	0	0.025	1
398	50	6	13	2	0.025	1
399	50	7	35	2	0.025	1
400	50	8	43	6	0.025	1
401	51	1	-43	6	0.025	1
402	51	2	-35	2	0.025	1
403	51	3	-13	2	0.025	1
404	51	4	-10	0	0.025	1
405	51	5	10	0	0.025	1
406	51	6	13	2	0.025	1
407	51	7	35	2	0.025	1
408	51	8	43	6	0.025	1
409	52	1	-43	6	0.025	1
410	52	2	-35	2	0.025	1
411	52	3	-13	2	0.025	1
412	52	4	-10	0	0.025	1
413	52	5	10	0	0.025	1
414	52	6	13	2	0.025	1
415	52	7	35	2	0.025	1
416	52	8	43	6	0.025	1
417	53	1	-43	6	0.025	1
418	53	2	-35	2	0.025	1
419	53	3	-13	2	0.025	1
420	53	4	-10	0	0.025	1
421	53	5	10	0	0.025	1
422	53	6	13	2	0.025	1
423	53	7	35	2	0.025	1
424	53	8	43	6	0.025	1
425	54	1	-43	6	0.025	1
426	54	2	-35	2	0.025	1
427	54	3	-13	2	0.025	1
428	54	4	-10	0	0.025	1
429	54	5	10	0	0.025	1
430	54	6	13	2	0.025	1
431	54	7	35	2	0.025	1
432	54	8	43	6	0.025	1
433	55	1	-43	6	0.025	1
434	55	2	-35	2	0.025	1
435	55	3	-13	2	0.025	1
436	55	4	-10	0	0.025	1
437	55	5	10	0	0.025	1
438	55	6	13	2	0.025	1
439	55	7	35	2	0.025	1
440	55	8	43	6	0.025	1
