199
LK_ID	LK_CMPSEQ	LK_NDUSID	LK_NDDSID	LK_RCUSID	LK_RCDSID	LK_TYPE
1	1	1	10	1	1	1
2	2	11	29	2	2	1
3	3	30	45	3	3	1
4	4	46	55	4	4	1
5	5	56	58	5	5	1
6	6	59	79	6	6	1
7	7	80	178	7	7	1
8	8	179	190	8	8	1
9	9	191	255	9	9	1
10	10	256	288	10	10	1
11	11	289	314	11	11	1
12	12	315	333	12	12	1
13	13	334	336	13	13	1
14	14	337	381	14	14	1
15	15	382	410	15	15	1
16	16	411	427	16	16	1
17	17	428	440	17	17	1
18	18	441	450	18	18	1
19	19	451	494	19	19	1
20	20	495	501	20	20	1
21	21	502	517	21	21	1
22	22	518	536	22	22	1
23	23	537	545	23	23	1
24	24	546	598	24	24	1
25	25	599	660	25	25	1
26	26	661	667	26	26	1
27	27	668	673	27	27	1
28	28	674	712	28	28	1
29	29	713	717	29	29	1
30	30	718	743	30	30	1
31	31	744	763	31	31	1
32	32	764	768	32	32	1
33	33	769	799	33	33	1
34	34	800	802	34	34	1
35	35	803	808	35	35	1
36	36	809	826	36	36	1
37	37	827	865	37	37	1
38	38	866	872	38	38	1
39	39	873	888	39	39	1
40	40	889	928	40	40	1
41	41	929	964	41	41	1
42	42	965	968	42	42	1
43	43	969	984	43	43	1
44	44	985	993	44	44	1
45	45	994	996	45	45	1
46	46	997	1028	46	46	1
47	47	1029	1060	47	47	1
48	48	1061	1088	48	48	1
49	49	1089	1093	49	49	1
50	50	1094	1101	50	50	1
51	51	1102	1105	51	51	1
52	52	1106	1150	52	52	1
53	53	1151	1192	53	53	1
54	54	1193	1225	54	54	1
55	55	1226	1242	55	55	1
56	56	1243	1275	56	56	1
57	57	1276	1287	57	57	1
58	58	1288	1308	58	58	1
59	59	1309	1356	59	59	1
60	60	1357	1383	60	60	1
61	61	1384	1405	61	61	1
62	62	1406	1419	62	62	1
63	63	1420	1422	63	63	1
64	64	1423	1435	64	64	1
65	65	1436	1459	65	65	1
66	66	1460	1516	66	66	1
67	67	1517	1543	67	67	1
68	68	1544	1562	68	68	1
69	69	1563	1568	69	69	1
70	70	1569	1571	70	70	1
71	71	1572	1615	71	71	1
72	72	1616	1628	72	72	1
73	73	1629	1638	73	73	1
74	74	1639	1667	74	74	1
75	75	1668	1683	75	75	1
76	76	1684	1724	76	76	1
77	77	1725	1743	77	77	1
78	78	1744	1766	78	78	1
79	79	1767	1775	79	79	1
80	80	1776	1780	80	80	1
81	81	1781	1808	81	81	1
82	82	1809	1811	82	82	1
83	83	1812	1816	83	83	1
84	84	1817	1847	84	84	1
85	85	1848	1858	85	85	1
86	86	1859	1875	86	86	1
87	87	1876	1900	87	87	1
88	88	1901	1923	88	88	1
89	89	1924	1927	89	89	1
90	90	1928	1963	90	90	1
91	91	1964	1966	91	91	1
92	92	1967	1981	92	92	1
93	93	1982	2000	93	93	1
94	94	2001	2035	94	94	1
95	95	2036	2073	95	95	1
96	96	2074	2077	96	96	1
97	97	2078	2101	97	97	1
98	98	2102	2126	98	98	1
99	99	2127	2148	99	99	1
100	100	2149	2158	100	100	1
101	101	2159	2176	101	101	1
102	102	2177	2206	102	102	1
103	103	2207	2230	103	103	1
104	104	2231	2253	104	104	1
105	105	2254	2266	105	105	1
106	106	2267	2290	106	106	1
107	107	2291	2301	107	107	1
108	108	2302	2313	108	108	1
109	109	2314	2322	109	109	1
110	110	2323	2327	110	110	1
111	111	2328	2340	111	111	1
112	112	2341	2354	112	112	1
113	113	2355	2366	113	113	1
114	114	2367	2372	114	114	1
115	115	2373	2381	115	115	1
116	116	2382	2410	116	116	1
117	117	2411	2434	117	117	1
118	118	2435	2441	118	118	1
119	119	2442	2447	119	119	1
120	120	2448	2471	120	120	1
121	121	2472	2491	121	121	1
122	122	2492	2512	122	122	1
123	123	2513	2520	123	123	1
124	124	2521	2546	124	124	1
125	125	2547	2554	125	125	1
126	126	2555	2571	126	126	1
127	127	2572	2629	127	127	1
128	128	2630	2647	128	128	1
129	129	2648	2671	129	129	1
130	130	2672	2691	130	130	1
131	131	2692	2698	131	131	1
132	132	2699	2709	132	132	1
133	133	2710	2733	133	133	1
134	134	2734	2750	134	134	1
135	135	2751	2756	135	135	1
136	136	2757	2783	136	136	1
137	137	2784	2794	137	137	1
138	138	2795	2819	138	138	1
139	139	2820	2836	139	139	1
140	140	2837	2850	140	140	1
141	141	2851	2854	141	141	1
142	142	2855	2862	142	142	1
143	143	2863	2874	143	143	1
144	144	2875	2910	144	144	1
145	145	2911	2939	145	145	1
146	146	2940	2950	146	146	1
147	147	2951	2963	147	147	1
148	148	2964	2971	148	148	1
149	149	2972	2979	149	149	1
150	150	2980	2994	150	150	1
151	151	2995	2997	151	151	1
152	152	2998	3041	152	152	1
153	153	3042	3047	153	153	1
154	154	3048	3059	154	154	1
155	155	3060	3074	155	155	1
156	156	3075	3096	156	156	1
157	157	3097	3115	157	157	1
158	158	3116	3164	158	158	1
159	159	3165	3167	159	159	1
160	160	3168	3190	160	160	1
161	161	3191	3196	161	161	1
162	162	3197	3202	162	162	1
163	163	3203	3245	163	163	1
164	164	3246	3280	164	164	1
165	165	3281	3302	165	165	1
166	166	3303	3308	166	166	1
167	167	3309	3320	167	167	1
168	168	3321	3326	168	168	1
169	169	3327	3331	169	169	1
170	170	3332	3340	170	170	1
171	171	3341	3359	171	171	1
172	172	3360	3367	172	172	1
173	173	3368	3375	173	173	1
174	174	3376	3391	174	174	1
175	175	3392	3396	175	175	1
176	176	3397	3406	176	176	1
177	177	3407	3417	177	177	1
178	178	3418	3432	178	178	1
179	179	3433	3439	179	179	1
180	180	3440	3444	180	180	1
181	181	3445	3454	181	181	1
182	182	3455	3458	182	182	1
183	183	3459	3465	183	183	1
184	184	3466	3487	184	184	1
185	185	3488	3518	185	185	1
186	186	3519	3525	186	186	1
187	187	3526	3556	187	187	1
188	188	3557	3573	188	188	1
189	189	3574	3591	189	189	1
190	190	3592	3629	190	190	1
191	191	3630	3638	191	191	1
192	192	3639	3667	192	192	1
193	193	3668	3670	193	193	1
194	194	3671	3691	194	194	1
195	195	3692	3700	195	195	1
196	196	3701	3715	196	196	1
197	197	3716	3743	197	197	1
198	198	3744	3749	198	198	1
199	199	3750	3765	199	199	1
