811
CH_ID	CH_NDUSID	CH_NDDSID
1	1	3
2	4	6
3	7	9
4	10	12
5	13	16
6	17	19
7	20	22
8	23	26
9	27	32
10	33	35
11	36	38
12	39	41
13	42	45
14	46	48
15	49	52
16	53	55
17	56	57
18	58	62
19	63	65
20	66	71
21	72	75
22	76	84
23	85	91
24	92	95
25	96	99
26	100	104
27	105	108
28	109	111
29	112	116
30	117	122
31	123	126
32	127	129
33	130	132
34	133	137
35	138	140
36	141	144
37	145	149
38	150	153
39	154	156
40	157	161
41	162	169
42	170	172
43	173	175
44	176	179
45	180	183
46	184	186
47	187	189
48	190	192
49	193	197
50	198	200
51	201	203
52	204	207
53	208	210
54	211	214
55	215	218
56	219	223
57	224	228
58	229	232
59	233	235
60	236	240
61	241	243
62	244	246
63	247	250
64	251	254
65	255	258
66	259	262
67	263	266
68	267	269
69	270	274
70	275	280
71	281	286
72	287	289
73	290	292
74	293	296
75	297	299
76	300	303
77	304	309
78	310	313
79	314	316
80	317	319
81	320	322
82	323	325
83	326	331
84	332	334
85	335	338
86	339	345
87	346	348
88	349	353
89	354	362
90	363	366
91	367	370
92	371	373
93	374	376
94	377	379
95	380	382
96	383	390
97	391	393
98	394	396
99	397	399
100	400	402
101	403	405
102	406	408
103	409	412
104	413	415
105	416	419
106	420	423
107	424	429
108	430	434
109	435	438
110	439	442
111	443	445
112	446	448
113	449	451
114	452	457
115	458	461
116	462	464
117	465	467
118	468	470
119	471	473
120	474	476
121	477	479
122	480	483
123	484	487
124	488	490
125	491	496
126	497	499
127	500	502
128	503	505
129	506	511
130	512	515
131	516	518
132	519	521
133	522	524
134	525	527
135	528	531
136	532	534
137	535	537
138	538	541
139	542	546
140	547	550
141	551	553
142	554	556
143	557	559
144	560	562
145	563	565
146	566	568
147	569	571
148	572	575
149	576	578
150	579	583
151	584	586
152	587	589
153	590	592
154	593	596
155	597	600
156	601	609
157	610	612
158	613	617
159	618	620
160	621	625
161	626	630
162	631	634
163	635	640
164	641	643
165	644	647
166	648	650
167	651	654
168	655	657
169	658	662
170	663	666
171	667	669
172	670	672
173	673	676
174	677	682
175	683	685
176	686	688
177	689	691
178	692	697
179	698	700
180	701	704
181	705	707
182	708	712
183	713	716
184	717	719
185	720	723
186	724	726
187	727	730
188	731	734
189	735	737
190	738	740
191	741	743
192	744	746
193	747	754
194	755	757
195	758	760
196	761	763
197	764	766
198	767	769
199	770	772
200	773	777
201	778	780
202	781	783
203	784	787
204	788	790
205	791	793
206	794	796
207	797	799
208	800	802
209	803	806
210	807	811
211	812	817
212	818	820
213	821	823
214	824	826
215	827	829
216	830	832
217	833	835
218	836	838
219	839	841
220	842	844
221	845	847
222	848	851
223	852	855
224	856	858
225	859	861
226	862	864
227	865	867
228	868	872
229	873	875
230	876	881
231	882	884
232	885	888
233	889	891
234	892	896
235	897	899
236	900	905
237	906	908
238	909	911
239	912	916
240	917	919
241	920	922
242	923	927
243	928	930
244	931	933
245	934	936
246	937	939
247	940	944
248	945	947
249	948	950
250	951	955
251	956	958
252	959	963
253	964	968
254	969	974
255	975	977
256	978	982
257	983	987
258	988	990
259	991	997
260	998	1000
261	1001	1007
262	1008	1015
263	1016	1019
264	1020	1022
265	1023	1032
266	1033	1036
267	1037	1040
268	1041	1043
269	1044	1046
270	1047	1052
271	1053	1055
272	1056	1058
273	1059	1063
274	1064	1068
275	1069	1072
276	1073	1076
277	1077	1080
278	1081	1083
279	1084	1086
280	1087	1090
281	1091	1093
282	1094	1097
283	1098	1100
284	1101	1103
285	1104	1109
286	1110	1113
287	1114	1118
288	1119	1121
289	1122	1124
290	1125	1131
291	1132	1135
292	1136	1138
293	1139	1141
294	1142	1144
295	1145	1148
296	1149	1152
297	1153	1155
298	1156	1158
299	1159	1161
300	1162	1164
301	1165	1170
302	1171	1174
303	1175	1179
304	1180	1183
305	1184	1186
306	1187	1194
307	1195	1197
308	1198	1201
309	1202	1205
310	1206	1209
311	1210	1214
312	1215	1217
313	1218	1220
314	1221	1224
315	1225	1227
316	1228	1231
317	1232	1234
318	1235	1238
319	1239	1242
320	1243	1246
321	1247	1249
322	1250	1254
323	1255	1258
324	1259	1262
325	1263	1265
326	1266	1271
327	1272	1274
328	1275	1277
329	1278	1280
330	1281	1283
331	1284	1287
332	1288	1290
333	1291	1293
334	1294	1296
335	1297	1300
336	1301	1303
337	1304	1306
338	1307	1309
339	1310	1312
340	1313	1315
341	1316	1318
342	1319	1321
343	1322	1325
344	1326	1328
345	1329	1332
346	1333	1335
347	1336	1338
348	1339	1341
349	1342	1346
350	1347	1349
351	1350	1353
352	1354	1356
353	1357	1359
354	1360	1363
355	1364	1367
356	1368	1370
357	1371	1373
358	1374	1376
359	1377	1379
360	1380	1384
361	1385	1387
362	1388	1393
363	1394	1396
364	1397	1399
365	1400	1402
366	1403	1407
367	1408	1410
368	1411	1413
369	1414	1417
370	1418	1423
371	1424	1426
372	1427	1430
373	1431	1433
374	1434	1437
375	1438	1440
376	1441	1443
377	1444	1446
378	1447	1448
379	1449	1451
380	1452	1456
381	1457	1459
382	1460	1462
383	1463	1465
384	1466	1468
385	1469	1471
386	1472	1476
387	1477	1479
388	1480	1482
389	1483	1486
390	1487	1490
391	1491	1493
392	1494	1496
393	1497	1501
394	1502	1504
395	1505	1508
396	1509	1512
397	1513	1516
398	1517	1519
399	1520	1524
400	1525	1528
401	1529	1532
402	1533	1535
403	1536	1538
404	1539	1544
405	1545	1554
406	1555	1557
407	1558	1560
408	1561	1563
409	1564	1566
410	1567	1570
411	1571	1573
412	1574	1578
413	1579	1581
414	1582	1584
415	1585	1587
416	1588	1590
417	1591	1593
418	1594	1600
419	1601	1603
420	1604	1606
421	1607	1609
422	1610	1612
423	1613	1617
424	1618	1620
425	1621	1623
426	1624	1630
427	1631	1633
428	1634	1636
429	1637	1639
430	1640	1644
431	1645	1649
432	1650	1653
433	1654	1656
434	1657	1659
435	1660	1662
436	1663	1669
437	1670	1672
438	1673	1675
439	1676	1678
440	1679	1683
441	1684	1686
442	1687	1689
443	1690	1693
444	1694	1696
445	1697	1700
446	1701	1706
447	1707	1709
448	1710	1713
449	1714	1716
450	1717	1719
451	1720	1723
452	1724	1726
453	1727	1729
454	1730	1732
455	1733	1735
456	1736	1739
457	1740	1744
458	1745	1747
459	1748	1750
460	1751	1754
461	1755	1757
462	1758	1760
463	1761	1765
464	1766	1768
465	1769	1775
466	1776	1779
467	1780	1784
468	1785	1787
469	1788	1791
470	1792	1794
471	1795	1799
472	1800	1802
473	1803	1806
474	1807	1809
475	1810	1813
476	1814	1816
477	1817	1819
478	1820	1822
479	1823	1826
480	1827	1829
481	1830	1832
482	1833	1835
483	1836	1841
484	1842	1846
485	1847	1852
486	1853	1856
487	1857	1862
488	1863	1865
489	1866	1869
490	1870	1873
491	1874	1879
492	1880	1883
493	1884	1886
494	1887	1889
495	1890	1892
496	1893	1897
497	1898	1900
498	1901	1903
499	1904	1906
500	1907	1909
501	1910	1912
502	1913	1916
503	1917	1919
504	1920	1922
505	1923	1926
506	1927	1930
507	1931	1933
508	1934	1936
509	1937	1943
510	1944	1946
511	1947	1949
512	1950	1952
513	1953	1955
514	1956	1958
515	1959	1961
516	1962	1965
517	1966	1970
518	1971	1974
519	1975	1977
520	1978	1980
521	1981	1983
522	1984	1986
523	1987	1990
524	1991	1994
525	1995	1997
526	1998	2000
527	2001	2005
528	2006	2009
529	2010	2013
530	2014	2016
531	2017	2019
532	2020	2022
533	2023	2025
534	2026	2028
535	2029	2031
536	2032	2034
537	2035	2037
538	2038	2040
539	2041	2045
540	2046	2049
541	2050	2053
542	2054	2056
543	2057	2059
544	2060	2062
545	2063	2067
546	2068	2072
547	2073	2077
548	2078	2080
549	2081	2088
550	2089	2091
551	2092	2094
552	2095	2098
553	2099	2102
554	2103	2107
555	2108	2110
556	2111	2113
557	2114	2116
558	2117	2120
559	2121	2124
560	2125	2129
561	2130	2133
562	2134	2137
563	2138	2140
564	2141	2144
565	2145	2147
566	2148	2150
567	2151	2154
568	2155	2157
569	2158	2160
570	2161	2164
571	2165	2169
572	2170	2173
573	2174	2179
574	2180	2182
575	2183	2185
576	2186	2188
577	2189	2192
578	2193	2195
579	2196	2198
580	2199	2201
581	2202	2207
582	2208	2210
583	2211	2213
584	2214	2217
585	2218	2220
586	2221	2223
587	2224	2226
588	2227	2229
589	2230	2232
590	2233	2235
591	2236	2238
592	2239	2241
593	2242	2244
594	2245	2247
595	2248	2250
596	2251	2253
597	2254	2256
598	2257	2259
599	2260	2263
600	2264	2266
601	2267	2270
602	2271	2273
603	2274	2276
604	2277	2279
605	2280	2284
606	2285	2288
607	2289	2291
608	2292	2295
609	2296	2298
610	2299	2301
611	2302	2304
612	2305	2307
613	2308	2312
614	2313	2316
615	2317	2320
616	2321	2324
617	2325	2327
618	2328	2330
619	2331	2338
620	2339	2346
621	2347	2351
622	2352	2354
623	2355	2359
624	2360	2362
625	2363	2365
626	2366	2368
627	2369	2372
628	2373	2375
629	2376	2379
630	2380	2384
631	2385	2387
632	2388	2390
633	2391	2394
634	2395	2399
635	2400	2403
636	2404	2407
637	2408	2411
638	2412	2414
639	2415	2418
640	2419	2421
641	2422	2424
642	2425	2430
643	2431	2434
644	2435	2440
645	2441	2443
646	2444	2446
647	2447	2449
648	2450	2452
649	2453	2455
650	2456	2458
651	2459	2461
652	2462	2464
653	2465	2467
654	2468	2470
655	2471	2473
656	2474	2477
657	2478	2480
658	2481	2483
659	2484	2486
660	2487	2493
661	2494	2497
662	2498	2500
663	2501	2503
664	2504	2506
665	2507	2510
666	2511	2513
667	2514	2517
668	2518	2520
669	2521	2523
670	2524	2526
671	2527	2529
672	2530	2532
673	2533	2535
674	2536	2538
675	2539	2541
676	2542	2544
677	2545	2547
678	2548	2550
679	2551	2553
680	2554	2556
681	2557	2559
682	2560	2564
683	2565	2567
684	2568	2570
685	2571	2573
686	2574	2576
687	2577	2580
688	2581	2583
689	2584	2586
690	2587	2589
691	2590	2592
692	2593	2595
693	2596	2598
694	2599	2602
695	2603	2605
696	2606	2608
697	2609	2611
698	2612	2614
699	2615	2617
700	2618	2620
701	2621	2623
702	2624	2626
703	2627	2629
704	2630	2634
705	2635	2639
706	2640	2642
707	2643	2645
708	2646	2648
709	2649	2651
710	2652	2654
711	2655	2658
712	2659	2661
713	2662	2665
714	2666	2672
715	2673	2676
716	2677	2679
717	2680	2682
718	2683	2685
719	2686	2689
720	2690	2692
721	2693	2696
722	2697	2699
723	2700	2703
724	2704	2706
725	2707	2709
726	2710	2712
727	2713	2718
728	2719	2721
729	2722	2732
730	2733	2735
731	2736	2738
732	2739	2741
733	2742	2744
734	2745	2749
735	2750	2757
736	2758	2760
737	2761	2763
738	2764	2766
739	2767	2769
740	2770	2773
741	2774	2776
742	2777	2779
743	2780	2782
744	2783	2785
745	2786	2788
746	2789	2791
747	2792	2794
748	2795	2797
749	2798	2801
750	2802	2804
751	2805	2807
752	2808	2810
753	2811	2813
754	2814	2816
755	2817	2820
756	2821	2823
757	2824	2826
758	2827	2829
759	2830	2832
760	2833	2835
761	2836	2839
762	2840	2842
763	2843	2845
764	2846	2850
765	2851	2853
766	2854	2856
767	2857	2859
768	2860	2862
769	2863	2865
770	2866	2868
771	2869	2871
772	2872	2874
773	2875	2877
774	2878	2883
775	2884	2886
776	2887	2892
777	2893	2895
778	2896	2898
779	2899	2903
780	2904	2907
781	2908	2910
782	2911	2916
783	2917	2919
784	2920	2922
785	2923	2926
786	2927	2930
787	2931	2934
788	2935	2937
789	2938	2942
790	2943	2945
791	2946	2948
792	2949	2951
793	2952	2954
794	2955	2959
795	2960	2962
796	2963	2965
797	2966	2968
798	2969	2973
799	2974	2976
800	2977	2979
801	2980	2983
802	2984	2989
803	2990	2992
804	2993	2995
805	2996	2998
806	2999	3001
807	3002	3004
808	3005	3008
809	3009	3011
810	3012	3014
811	3015	3018
