3125
RC_ID	RC_NDUSID	RC_NDDSID	RC_ORDER	RC_LENGTH
1	1	2	1	74.0
2	2	3	1	17.029386365926403
3	3	4	1	1.0
1	5	6	1	63.97655820689325
2	6	7	1	1.4142135623730951
1	8	9	2	92.47702417357513
2	9	10	2	54.405882034941776
3	10	11	2	1.4142135623730951
1	12	13	1	50.774009099144415
2	13	14	1	1.0
1	15	16	1	51.86520991955976
2	16	17	1	26.570660511172846
3	17	18	1	15.811388300841896
4	18	19	1	1.4142135623730951
1	20	21	2	90.87353850269065
2	21	22	2	84.11896337925236
3	22	23	2	97.25224933131366
4	23	24	2	38.0
5	24	25	2	1.0
1	26	27	1	26.92582403567252
2	27	28	1	1.0
1	29	30	1	14.422205101855956
2	30	31	1	36.87817782917155
3	31	32	1	1.4142135623730951
1	33	34	1	8.54400374531753
2	34	35	1	73.00684899377592
3	35	36	1	40.85339643163099
4	36	37	1	39.11521443121589
5	37	38	1	61.5223536610881
6	38	39	1	2.0
7	39	40	1	1.4142135623730951
1	41	42	1	91.02197536858887
2	42	43	1	1.0
1	44	45	2	95.02105029939419
2	45	46	2	68.46897107449476
3	46	47	2	1.0
1	48	49	2	96.42095207992918
2	49	50	2	5.0990195135927845
3	50	51	2	1.0
1	52	53	1	72.69112738154499
2	53	54	1	10.04987562112089
3	54	55	1	66.73080248281148
4	55	56	1	39.01281840626232
5	56	57	1	1.4142135623730951
1	58	59	1	65.94694837519019
2	59	60	1	1.0
1	61	62	2	78.54934754662193
2	62	63	2	14.866068747318506
3	63	64	2	19.1049731745428
4	64	65	2	1.0
1	66	67	3	15.033296378372908
2	67	68	3	1.4142135623730951
1	69	70	3	1.4142135623730951
1	71	72	3	38.600518131237564
2	72	73	3	57.0087712549569
3	73	74	3	20.518284528683193
4	74	75	3	61.61168720299745
5	75	76	3	73.92563831310488
6	76	77	3	28.635642126552707
7	77	78	3	1.0
1	79	80	1	84.8999411071645
2	80	81	1	21.213203435596427
3	81	82	1	1.4142135623730951
1	83	84	1	88.23264701911646
2	84	85	1	13.892443989449804
3	85	86	1	73.7360156233031
4	86	87	1	72.44998274671983
5	87	88	1	17.11724276862369
6	88	89	1	82.97590011563598
7	89	90	1	81.41252974819048
8	90	91	1	22.02271554554524
9	91	92	1	1.4142135623730951
1	93	94	1	49.8196748283246
2	94	95	1	38.07886552931954
3	95	96	1	89.08984229416954
4	96	97	1	1.0
1	98	99	1	13.416407864998739
2	99	100	1	45.18849411078001
3	100	101	1	28.0
4	101	102	1	3.0
5	102	103	1	12.36931687685298
6	103	104	1	79.42921376924235
7	104	105	1	22.135943621178654
8	105	106	1	64.03124237432849
9	106	107	1	6.708203932499369
10	107	108	1	16.15549442140351
11	108	109	1	1.4142135623730951
1	110	111	1	86.76981041814025
2	111	112	1	14.7648230602334
3	112	113	1	28.0178514522438
4	113	114	1	37.64306044943742
5	114	115	1	12.649110640673518
6	115	116	1	51.478150704935004
7	116	117	1	25.495097567963924
8	117	118	1	1.4142135623730951
9	118	119	1	1.0
1	120	121	1	37.107950630558946
2	121	122	1	52.773099207835045
3	122	123	1	82.22530024268686
4	123	124	1	1.0
1	125	126	1	42.720018726587654
2	126	127	1	43.382023926967726
3	127	128	1	85.47514258543241
4	128	129	1	34.0147027033899
5	129	130	1	1.0
1	131	132	2	32.202484376209235
2	132	133	2	13.416407864998739
3	133	134	2	31.38470965295043
4	134	135	2	1.0
1	136	137	1	83.24061508662703
2	137	138	1	6.324555320336759
3	138	139	1	12.806248474865697
4	139	140	1	1.4142135623730951
1	141	142	2	18.35755975068582
2	142	143	2	1.0
1	144	145	1	26.40075756488817
2	145	146	1	11.313708498984761
3	146	147	1	46.32493928760188
4	147	148	1	52.40229002629561
5	148	149	1	1.4142135623730951
1	150	151	2	58.52349955359813
2	151	152	2	3.1622776601683795
3	152	153	2	6.324555320336759
4	153	154	2	8.94427190999916
5	154	155	2	69.06518659932803
6	155	156	2	1.4142135623730951
1	157	158	1	83.21658488546619
2	158	159	1	6.0
3	159	160	1	15.524174696260024
4	160	161	1	1.0
1	162	163	2	21.02379604162864
2	163	164	2	1.4142135623730951
1	165	166	1	53.08483775994799
2	166	167	1	1.0
1	168	169	2	25.019992006393608
2	169	170	2	22.20360331117452
3	170	171	2	29.154759474226502
4	171	172	2	6.082762530298219
5	172	173	2	1.4142135623730951
1	174	175	2	45.880278987817846
2	175	176	2	31.78049716414141
3	176	177	2	1.0
1	178	179	2	45.0
2	179	180	2	65.0
3	180	181	2	73.40980860893181
4	181	182	2	51.31276644267
5	182	183	2	23.53720459187964
6	183	184	2	1.0
1	185	186	2	58.18934610390462
2	186	187	2	61.5223536610881
3	187	188	2	89.73850901368932
4	188	189	2	91.54780172128658
5	189	190	2	65.11528238439882
6	190	191	2	17.11724276862369
7	191	192	2	61.35144660071187
8	192	193	2	1.4142135623730951
1	194	195	1	92.02716990106781
2	195	196	1	93.05912099305473
3	196	197	1	3.0
4	197	198	1	89.69392398596462
5	198	199	1	42.190046219457976
6	199	200	1	1.0
1	201	202	2	37.44329045369811
2	202	203	2	1.0
1	204	205	2	15.811388300841896
2	205	206	2	54.405882034941776
3	206	207	2	5.830951894845301
4	207	208	2	1.0
1	209	210	1	90.0
2	210	211	1	53.31041174104736
3	211	212	1	8.06225774829855
4	212	213	1	13.0
5	213	214	1	15.652475842498529
6	214	215	1	93.86160024205851
7	215	216	1	58.89821729050889
8	216	217	1	32.89376840679705
9	217	218	1	34.66987164671943
10	218	219	1	1.0
1	220	221	1	48.373546489791295
2	221	222	1	1.0
1	223	224	2	85.70297544426332
2	224	225	2	69.85699678629192
3	225	226	2	1.0
1	227	228	1	84.75848040166836
2	228	229	1	58.66856057549052
3	229	230	1	20.024984394500787
4	230	231	1	1.4142135623730951
1	232	233	1	9.486832980505138
2	233	234	1	27.018512172212592
3	234	235	1	1.0
1	236	237	1	59.61543424315552
2	237	238	1	1.0
1	239	240	1	68.87670143089025
2	240	241	1	1.0
1	242	243	1	55.57877292636101
2	243	244	1	1.0
1	245	246	2	82.66196223173026
2	246	247	2	3.1622776601683795
3	247	248	2	2.0
4	248	249	2	58.89821729050889
5	249	250	2	1.4142135623730951
1	251	252	2	14.317821063276353
2	252	253	2	1.0
1	254	255	1	55.80322571321482
2	255	256	1	1.0
1	257	258	2	34.655446902326915
2	258	259	2	44.77722635447622
3	259	260	2	20.223748416156685
4	260	261	2	1.0
1	262	263	2	64.53681120105021
2	263	264	2	66.70832032063167
3	264	265	2	73.81734213584231
4	265	266	2	1.0
1	267	268	1	62.76941930590086
2	268	269	1	28.30194339616981
3	269	270	1	41.10960958218893
4	270	271	1	1.0
1	272	273	2	94.72592042308166
2	273	274	2	28.284271247461902
3	274	275	2	42.95346318982906
4	275	276	2	1.0
1	277	278	2	80.45495634204272
2	278	279	2	14.142135623730951
3	279	280	2	56.32051136131489
4	280	281	2	11.40175425099138
5	281	282	2	36.124783736376884
6	282	283	2	1.0
1	284	285	1	38.48376280978771
2	285	286	1	20.808652046684813
3	286	287	1	27.294688127912362
4	287	288	1	77.88452991448301
5	288	289	1	69.31810730249349
6	289	290	1	57.697486947006624
7	290	291	1	1.4142135623730951
1	292	293	2	44.28317965096906
2	293	294	2	7.615773105863909
3	294	295	2	1.4142135623730951
1	296	297	1	93.39164844888434
2	297	298	1	95.46203433826454
3	298	299	1	42.42640687119285
4	299	300	1	1.4142135623730951
1	301	302	1	21.470910553583888
2	302	303	1	8.48528137423857
3	303	304	1	54.42425929675111
4	304	305	1	6.082762530298219
5	305	306	1	1.0
1	307	308	1	78.49203781276162
2	308	309	1	1.0
1	310	311	1	85.15867542417507
2	311	312	1	68.06614430096654
3	312	313	1	1.0
1	314	315	1	83.09632964216891
2	315	316	1	8.06225774829855
3	316	317	1	41.400483088968905
4	317	318	1	1.0
1	319	320	2	48.41487374764082
2	320	321	2	43.41658669218482
3	321	322	2	18.027756377319946
4	322	323	2	1.0
1	324	325	2	23.345235059857504
2	325	326	2	26.68332812825267
3	326	327	2	1.0
1	328	329	1	87.36704184073076
2	329	330	1	4.47213595499958
3	330	331	1	43.86342439892262
4	331	332	1	1.4142135623730951
1	333	334	2	88.07383266328314
2	334	335	2	15.811388300841896
3	335	336	2	75.58438992278762
4	336	337	2	10.04987562112089
5	337	338	2	1.0
1	339	340	1	73.68174807915459
2	340	341	1	1.4142135623730951
1	342	343	2	32.449961479175904
2	343	344	2	14.142135623730951
3	344	345	2	40.718546143004666
4	345	346	2	13.92838827718412
5	346	347	2	1.0
1	348	349	1	89.62700485902673
2	349	350	1	68.0
3	350	351	1	22.47220505424423
4	351	352	1	81.6333265278342
5	352	353	1	10.63014581273465
6	353	354	1	65.94694837519019
7	354	355	1	17.4928556845359
8	355	356	1	1.4142135623730951
1	357	358	1	63.12685640834652
2	358	359	1	13.892443989449804
3	359	360	1	10.770329614269007
4	360	361	1	8.602325267042627
5	361	362	1	32.55764119219941
6	362	363	1	1.0
1	364	365	1	73.35529974037323
2	365	366	1	15.811388300841896
3	366	367	1	1.4142135623730951
1	368	369	2	85.70880934886448
2	369	370	2	68.00735254367721
3	370	371	2	1.0
1	372	373	2	80.8084154033477
2	373	374	2	87.84645695758026
3	374	375	2	19.1049731745428
4	375	376	2	42.44997055358225
5	376	377	2	1.0
1	378	379	3	90.52071586106685
2	379	380	3	48.79549159502341
3	380	381	3	1.4142135623730951
1	382	383	3	35.510561809129406
2	383	384	3	59.07622195096772
3	384	385	3	53.23532661682466
4	385	386	3	1.0
1	387	388	1	92.19544457292888
2	388	389	1	28.0178514522438
3	389	390	1	62.0966987850401
4	390	391	1	79.71198153351854
5	391	392	1	15.811388300841896
6	392	393	1	65.29931086925804
7	393	394	1	34.20526275297414
8	394	395	1	1.0
1	396	397	1	32.64965543462902
2	397	398	1	54.120236510939236
3	398	399	1	38.47076812334269
4	399	400	1	1.4142135623730951
1	401	402	2	15.556349186104045
2	402	403	2	1.4142135623730951
1	404	405	3	92.61209424259879
2	405	406	3	57.982756057296896
3	406	407	3	1.4142135623730951
1	408	409	1	42.95346318982906
2	409	410	1	1.0
1	411	412	3	93.1933474020544
2	412	413	3	53.03772242470448
3	413	414	3	1.0
1	415	416	3	95.1892851112981
2	416	417	3	90.44888059008801
3	417	418	3	20.615528128088304
4	418	419	3	47.01063709417264
5	419	420	3	17.11724276862369
6	420	421	3	69.35416353759881
7	421	422	3	77.02596964660685
8	422	423	3	2.8284271247461903
9	423	424	3	1.4142135623730951
1	425	426	1	68.15423684555495
2	426	427	1	1.0
1	428	429	1	32.57299494980466
2	429	430	1	49.39635614091387
3	430	431	1	28.0178514522438
4	431	432	1	1.0
1	433	434	1	11.661903789690601
2	434	435	1	3.605551275463989
3	435	436	1	16.97056274847714
4	436	437	1	58.82176467941097
5	437	438	1	13.416407864998739
6	438	439	1	69.31810730249349
7	439	440	1	76.48529270389177
8	440	441	1	66.73080248281148
9	441	442	1	1.0
1	443	444	1	92.22797840135064
2	444	445	1	84.8999411071645
3	445	446	1	5.656854249492381
4	446	447	1	1.0
1	448	449	1	26.92582403567252
2	449	450	1	60.40695324215582
3	450	451	1	93.47726996441435
4	451	452	1	49.39635614091387
5	452	453	1	32.202484376209235
6	453	454	1	1.0
1	455	456	1	95.42536350467836
2	456	457	1	54.56189146281496
3	457	458	1	41.10960958218893
4	458	459	1	88.61715409558128
5	459	460	1	19.849433241279208
6	460	461	1	7.211102550927978
7	461	462	1	13.45362404707371
8	462	463	1	19.6468827043885
9	463	464	1	3.0
10	464	465	1	16.97056274847714
11	465	466	1	1.4142135623730951
1	467	468	2	56.302753041036986
2	468	469	2	35.38361202590826
3	469	470	2	90.4267659490264
4	470	471	2	21.93171219946131
5	471	472	2	1.4142135623730951
1	473	474	2	50.0
2	474	475	2	40.24922359499622
3	475	476	2	73.24616030891995
4	476	477	2	1.0
1	478	479	1	75.96051605933177
2	479	480	1	15.620499351813308
3	480	481	1	1.4142135623730951
1	482	483	2	67.1863081289633
2	483	484	2	1.4142135623730951
1	485	486	1	32.2490309931942
2	486	487	1	1.4142135623730951
1	488	489	1	34.52535300326414
2	489	490	1	1.0
1	491	492	1	77.62087348130012
2	492	493	1	83.02409288875127
3	493	494	1	7.810249675906654
4	494	495	1	81.02468759581859
5	495	496	1	7.0710678118654755
6	496	497	1	69.46221994724903
7	497	498	1	3.605551275463989
8	498	499	1	28.319604517012593
9	499	500	1	1.0
10	500	501	1	1.4142135623730951
1	502	503	2	78.33900688673555
2	503	504	2	39.408120990476064
3	504	505	2	1.0
1	506	507	1	86.64871608973787
2	507	508	1	80.65358020571685
3	508	509	1	20.8806130178211
4	509	510	1	1.4142135623730951
1	511	512	2	5.0990195135927845
2	512	513	2	1.0
1	514	515	2	84.11896337925236
2	515	516	2	32.64965543462902
3	516	517	2	1.0
1	518	519	1	42.579337712087536
2	519	520	1	1.0
1	521	522	1	88.0
2	522	523	1	59.0592922409336
3	523	524	1	1.0
1	525	526	1	39.698866482558415
2	526	527	1	42.720018726587654
3	527	528	1	1.4142135623730951
4	528	529	1	1.4142135623730951
1	530	531	1	29.0
2	531	532	1	1.0
1	533	534	1	89.56003573022959
2	534	535	1	85.72630868059116
3	535	536	1	19.4164878389476
4	536	537	1	55.226805085936306
5	537	538	1	22.360679774997898
6	538	539	1	1.4142135623730951
1	540	541	2	19.849433241279208
2	541	542	2	72.42237223399962
3	542	543	2	76.24303246854758
4	543	544	2	1.0
1	545	546	1	47.095647357266465
2	546	547	1	33.734255586866
3	547	548	1	13.92838827718412
4	548	549	1	13.416407864998739
5	549	550	1	30.4138126514911
6	550	551	1	1.0
1	552	553	1	33.734255586866
2	553	554	1	57.55866572463264
3	554	555	1	10.295630140987
4	555	556	1	78.23042886243178
5	556	557	1	70.45565981523414
6	557	558	1	6.4031242374328485
7	558	559	1	1.0
1	560	561	1	39.20459156782532
2	561	562	1	48.83646178829912
3	562	563	1	48.093658625644196
4	563	564	1	1.4142135623730951
1	565	566	1	91.28526715741155
2	566	567	1	42.720018726587654
3	567	568	1	45.35416188179427
4	568	569	1	63.00793600809346
5	569	570	1	1.4142135623730951
1	571	572	1	85.14693182963201
2	572	573	1	87.5728268357257
3	573	574	1	18.35755975068582
4	574	575	1	1.0
1	576	577	2	97.58073580374356
2	577	578	2	51.97114584074513
3	578	579	2	1.0
1	580	581	1	91.0494371207203
2	581	582	1	50.0
3	582	583	1	1.0
1	584	585	1	28.0178514522438
2	585	586	1	19.72308292331602
3	586	587	1	44.68780594300866
4	587	588	1	42.1070065428546
5	588	589	1	21.18962010041709
6	589	590	1	1.0
1	591	592	1	22.02271554554524
2	592	593	1	70.25667228100119
3	593	594	1	83.02409288875127
4	594	595	1	1.4142135623730951
1	596	597	1	68.6804193347711
2	597	598	1	22.20360331117452
3	598	599	1	1.0
1	600	601	1	84.52810183601665
2	601	602	1	1.0
1	603	604	1	22.02271554554524
2	604	605	1	1.4142135623730951
1	606	607	2	89.55445270895244
2	607	608	2	12.36931687685298
3	608	609	2	1.0
1	610	611	2	55.226805085936306
2	611	612	2	1.0
1	613	614	2	68.9492567037528
2	614	615	2	1.0
1	616	617	1	83.02409288875127
2	617	618	1	71.8679344353238
3	618	619	1	6.0
4	619	620	1	1.0
1	621	622	2	29.0
2	622	623	2	58.180752831155424
3	623	624	2	1.4142135623730951
1	625	626	2	91.09335870413386
2	626	627	2	46.17358552246078
3	627	628	2	1.0
1	629	630	1	54.644304369257
2	630	631	1	5.0990195135927845
3	631	632	1	7.211102550927978
4	632	633	1	21.2602916254693
5	633	634	1	36.345563690772494
6	634	635	1	1.4142135623730951
1	636	637	2	53.665631459994955
2	637	638	2	1.4142135623730951
1	639	640	2	90.24965373894794
2	640	641	2	95.46203433826454
3	641	642	2	48.79549159502341
4	642	643	2	1.4142135623730951
1	644	645	3	79.19595949289332
2	645	646	3	1.4142135623730951
1	647	648	1	79.60527620704548
2	648	649	1	77.23341245859851
3	649	650	1	47.07440918375928
4	650	651	1	21.37755832643195
5	651	652	1	18.110770276274835
6	652	653	1	88.84255736976509
7	653	654	1	63.50590523722971
8	654	655	1	1.0
1	656	657	1	90.0222194794152
2	657	658	1	82.0
3	658	659	1	60.876925020897694
4	659	660	1	12.041594578792296
5	660	661	1	9.219544457292887
6	661	662	1	1.4142135623730951
1	663	664	2	79.90619500389191
2	664	665	2	99.70456358662827
3	665	666	2	45.967379738244816
4	666	667	2	1.4142135623730951
1	668	669	1	92.57429448826494
2	669	670	1	86.45229898620394
3	670	671	1	66.52818951391959
4	671	672	1	1.0
1	673	674	2	19.6468827043885
2	674	675	2	1.0
1	676	677	3	81.46778504415104
2	677	678	3	1.4142135623730951
1	679	680	1	85.86617494683223
2	680	681	1	12.041594578792296
3	681	682	1	12.529964086141668
4	682	683	1	1.0
1	684	685	3	79.30952023559341
2	685	686	3	14.317821063276353
3	686	687	3	1.0
1	688	689	3	59.54829972383762
2	689	690	3	28.600699292150182
3	690	691	3	1.4142135623730951
1	692	693	1	97.0051545022222
2	693	694	1	97.082439194738
3	694	695	1	8.06225774829855
4	695	696	1	32.14031735997639
5	696	697	1	1.0
1	698	699	1	26.419689627245813
2	699	700	1	28.42534080710379
3	700	701	1	27.459060435491963
4	701	702	1	1.0
1	703	704	2	61.814237842102365
2	704	705	2	31.0
3	705	706	2	16.278820596099706
4	706	707	2	1.0
1	708	709	3	9.219544457292887
2	709	710	3	1.4142135623730951
1	711	712	3	91.80958555619343
2	712	713	3	50.80354318352215
3	713	714	3	15.297058540778355
4	714	715	3	1.0
1	716	717	1	25.019992006393608
2	717	718	1	1.4142135623730951
1	719	720	3	77.62087348130012
2	720	721	3	58.249463516842795
3	721	722	3	3.1622776601683795
4	722	723	3	1.0
1	724	725	1	87.09190547921202
2	725	726	1	92.19544457292888
3	726	727	1	2.8284271247461903
4	727	728	1	1.0
1	729	730	3	54.147945482723536
2	730	731	3	74.33034373659252
3	731	732	3	52.81098370604357
4	732	733	3	1.4142135623730951
1	734	735	3	56.0
2	735	736	3	1.0
1	737	738	1	50.80354318352215
2	738	739	1	6.082762530298219
3	739	740	1	1.4142135623730951
1	741	742	3	46.69047011971501
2	742	743	3	70.71067811865476
3	743	744	3	27.586228448267445
4	744	745	3	1.0
1	746	747	3	55.362442142665635
2	747	748	3	61.40032573203501
3	748	749	3	67.67569726275453
4	749	750	3	40.311288741492746
5	750	751	3	30.4138126514911
6	751	752	3	10.0
7	752	753	3	1.0
1	754	755	3	67.89698078707183
2	755	756	3	74.0
3	756	757	3	80.15609770940699
4	757	758	3	63.324560795950255
5	758	759	3	1.0
1	760	761	1	87.20665112249179
2	761	762	1	74.51845409024533
3	762	763	1	1.0
1	764	765	3	87.6184911990614
2	765	766	3	1.0
1	767	768	3	16.97056274847714
2	768	769	3	78.74642849044012
3	769	770	3	91.4166286842826
4	770	771	3	57.38466694161429
5	771	772	3	1.4142135623730951
1	773	774	1	82.0792300158816
2	774	775	1	28.178005607210743
3	775	776	1	37.64306044943742
4	776	777	1	1.4142135623730951
1	778	779	1	80.99382692526635
2	779	780	1	58.137767414994535
3	780	781	1	2.0
4	781	782	1	21.93171219946131
5	782	783	1	85.23496934944014
6	783	784	1	79.17701686727027
7	784	785	1	83.23460818673925
8	785	786	1	9.219544457292887
9	786	787	1	56.859475903318
10	787	788	1	33.37663853655727
11	788	789	1	79.22752047110903
12	789	790	1	80.77747210701756
13	790	791	1	89.44271909999159
14	791	792	1	6.4031242374328485
15	792	793	1	1.0
1	794	795	2	66.70832032063167
2	795	796	2	1.4142135623730951
1	797	798	3	15.033296378372908
2	798	799	3	2.0
3	799	800	3	15.524174696260024
4	800	801	3	1.0
1	802	803	1	29.614185789921695
2	803	804	1	1.4142135623730951
1	805	806	1	65.96969000988257
2	806	807	1	23.08679276123039
3	807	808	1	7.211102550927978
4	808	809	1	2.23606797749979
5	809	810	1	1.0
1	811	812	1	6.4031242374328485
2	812	813	1	9.219544457292887
3	813	814	1	70.22819946431775
4	814	815	1	1.4142135623730951
1	816	817	2	40.311288741492746
2	817	818	2	40.45985664828782
3	818	819	2	21.470910553583888
4	819	820	2	1.0
1	821	822	2	27.51363298439521
2	822	823	2	47.07440918375928
3	823	824	2	5.385164807134504
4	824	825	2	42.95346318982906
5	825	826	2	13.152946437965905
6	826	827	2	1.0
1	828	829	1	65.96969000988257
2	829	830	1	1.0
1	831	832	2	74.54528824815154
2	832	833	2	8.06225774829855
3	833	834	2	93.05912099305473
4	834	835	2	89.49860334105779
5	835	836	2	28.0178514522438
6	836	837	2	1.4142135623730951
1	838	839	1	97.12878049270464
2	839	840	1	62.64982043070834
3	840	841	1	1.0
1	842	843	1	88.09086218218096
2	843	844	1	90.27181176868004
3	844	845	1	90.27181176868004
4	845	846	1	76.02631123499285
5	846	847	1	84.75848040166836
6	847	848	1	84.40379138403677
7	848	849	1	34.48187929913333
8	849	850	1	1.4142135623730951
1	851	852	2	44.654227123532216
2	852	853	2	1.0
1	854	855	3	89.56003573022959
2	855	856	3	92.02173656261873
3	856	857	3	91.44397191723465
4	857	858	3	58.9406481131655
5	858	859	3	32.64965543462902
6	859	860	3	46.87216658103186
7	860	861	3	1.0
1	862	863	1	44.28317965096906
2	863	864	1	33.734255586866
3	864	865	1	1.0
1	866	867	1	82.76472678623425
2	867	868	1	38.01315561749642
3	868	869	1	1.4142135623730951
1	870	871	1	31.0
2	871	872	1	1.4142135623730951
1	873	874	1	70.03570517957252
2	874	875	1	17.88854381999832
3	875	876	1	59.413803110051795
4	876	877	1	1.0
1	878	879	2	69.65629906907199
2	879	880	2	11.180339887498949
3	880	881	2	21.2602916254693
4	881	882	2	62.22539674441618
5	882	883	2	56.586217403180434
6	883	884	2	20.09975124224178
7	884	885	2	1.0
1	886	887	1	84.52810183601665
2	887	888	1	14.142135623730951
3	888	889	1	1.4142135623730951
1	890	891	1	92.61209424259879
2	891	892	1	23.345235059857504
3	892	893	1	1.0
1	894	895	2	39.05124837953327
2	895	896	2	1.4142135623730951
1	897	898	3	62.36184731067546
2	898	899	3	41.677331968349414
3	899	900	3	37.69615364994153
4	900	901	3	27.784887978899608
5	901	902	3	16.15549442140351
6	902	903	3	51.92301994298868
7	903	904	3	76.10519036176179
8	904	905	3	29.068883707497267
9	905	906	3	1.4142135623730951
1	907	908	1	80.05623023850174
2	908	909	1	89.40357934669059
3	909	910	1	1.4142135623730951
4	910	911	1	1.4142135623730951
1	912	913	1	83.40863264674707
2	913	914	1	60.92618484691127
3	914	915	1	16.64331697709324
4	915	916	1	12.727922061357855
5	916	917	1	1.4142135623730951
1	918	919	2	4.0
2	919	920	2	1.4142135623730951
1	921	922	1	46.87216658103186
2	922	923	1	31.78049716414141
3	923	924	1	6.4031242374328485
4	924	925	1	82.73451516749222
5	925	926	1	38.07886552931954
6	926	927	1	1.0
1	928	929	1	22.80350850198276
2	929	930	1	35.17101079013795
3	930	931	1	1.4142135623730951
1	932	933	2	53.23532661682466
2	933	934	2	1.0
1	935	936	3	85.14693182963201
2	936	937	3	74.73285756613352
3	937	938	3	66.61080993352356
4	938	939	3	2.23606797749979
5	939	940	3	1.0
1	941	942	1	82.29823813423954
2	942	943	1	1.0
1	944	945	1	94.19129471453293
2	945	946	1	68.26419266350405
3	946	947	1	20.248456731316587
4	947	948	1	87.0
5	948	949	1	3.605551275463989
6	949	950	1	1.0
1	951	952	1	10.198039027185569
2	952	953	1	76.02631123499285
3	953	954	1	86.35392289873113
4	954	955	1	4.47213595499958
5	955	956	1	1.0
1	957	958	1	92.35799911215054
2	958	959	1	84.92938243034621
3	959	960	1	1.4142135623730951
1	961	962	1	86.31338250816034
2	962	963	1	84.1486779456457
3	963	964	1	1.0
1	965	966	2	90.95603333479313
2	966	967	2	92.39588735436226
3	967	968	2	2.8284271247461903
4	968	969	2	1.0
1	970	971	2	92.89241088485109
2	971	972	2	28.635642126552707
3	972	973	2	1.0
1	974	975	1	76.10519036176179
2	975	976	1	9.486832980505138
3	976	977	1	43.829214001622255
4	977	978	1	4.0
5	978	979	1	38.07886552931954
6	979	980	1	88.11923740024082
7	980	981	1	90.21086409075129
8	981	982	1	74.4043009509531
9	982	983	1	6.4031242374328485
10	983	984	1	29.68164415931166
11	984	985	1	1.4142135623730951
1	986	987	2	14.035668847618199
2	987	988	2	1.4142135623730951
1	989	990	2	10.770329614269007
2	990	991	2	1.0
1	992	993	1	88.28363381737297
2	993	994	1	86.45229898620394
3	994	995	1	62.24146527838174
4	995	996	1	1.0
1	997	998	2	5.0
2	998	999	2	1.4142135623730951
1	1000	1001	2	90.60353193998566
2	1001	1002	2	85.32877591996736
3	1002	1003	2	94.0
4	1003	1004	2	48.25971404805462
5	1004	1005	2	1.4142135623730951
1	1006	1007	1	35.17101079013795
2	1007	1008	1	1.0
1	1009	1010	1	35.84689665786984
2	1010	1011	1	52.354560450833695
3	1011	1012	1	34.20526275297414
4	1012	1013	1	5.0
5	1013	1014	1	1.0
1	1015	1016	2	44.77722635447622
2	1016	1017	2	1.0
1	1018	1019	1	93.04837451562494
2	1019	1020	1	98.12746812182611
3	1020	1021	1	99.00505037623081
4	1021	1022	1	24.020824298928627
5	1022	1023	1	1.4142135623730951
1	1024	1025	2	2.23606797749979
2	1025	1026	2	18.110770276274835
3	1026	1027	2	1.0
1	1028	1029	1	82.09750300709517
2	1029	1030	1	83.86298349093002
3	1030	1031	1	78.23042886243178
4	1031	1032	1	1.0
1	1033	1034	1	90.0
2	1034	1035	1	90.80198235721508
3	1035	1036	1	41.182520563948
4	1036	1037	1	1.4142135623730951
1	1038	1039	2	99.04544411531506
2	1039	1040	2	90.08884503644167
3	1040	1041	2	1.0
1	1042	1043	1	20.8806130178211
2	1043	1044	1	1.4142135623730951
1	1045	1046	2	69.06518659932803
2	1046	1047	2	1.0
1	1048	1049	3	4.47213595499958
2	1049	1050	3	85.70297544426332
3	1050	1051	3	11.180339887498949
4	1051	1052	3	1.0
1	1053	1054	1	83.93449827097318
2	1054	1055	1	41.182520563948
3	1055	1056	1	43.18564576337837
4	1056	1057	1	82.03657720797473
5	1057	1058	1	84.38601779915912
6	1058	1059	1	1.4142135623730951
7	1059	1060	1	1.4142135623730951
1	1061	1062	3	71.00704190430693
2	1062	1063	3	8.06225774829855
3	1063	1064	3	67.23094525588644
4	1064	1065	3	89.0
5	1065	1066	3	44.294469180700204
6	1066	1067	3	46.52956049652737
7	1067	1068	3	92.11405973031478
8	1068	1069	3	69.52697318307479
9	1069	1070	3	1.4142135623730951
1	1071	1072	1	93.00537618869137
2	1072	1073	1	88.52683209061533
3	1073	1074	1	4.123105625617661
4	1074	1075	1	1.0
1	1076	1077	1	40.311288741492746
2	1077	1078	1	1.0
1	1079	1080	1	43.68065933568311
2	1080	1081	1	1.4142135623730951
1	1082	1083	2	77.02596964660685
2	1083	1084	2	92.9569792968769
3	1084	1085	2	86.33075929238663
4	1085	1086	2	70.7248188403477
5	1086	1087	2	1.4142135623730951
1	1088	1089	2	85.47514258543241
2	1089	1090	2	29.274562336608895
3	1090	1091	2	1.0
1	1092	1093	1	88.36288813749809
2	1093	1094	1	85.44003745317531
3	1094	1095	1	58.59180830116101
4	1095	1096	1	1.4142135623730951
1	1097	1098	2	93.96275858019496
2	1098	1099	2	47.16990566028302
3	1099	1100	2	1.0
1	1101	1102	3	27.313000567495326
2	1102	1103	3	1.0
1	1104	1105	3	53.03772242470448
2	1105	1106	3	1.4142135623730951
1	1107	1108	1	50.47771785649585
2	1108	1109	1	1.0
1	1110	1111	3	43.41658669218482
2	1111	1112	3	51.85556864985669
3	1112	1113	3	84.86459803710851
4	1113	1114	3	1.4142135623730951
1	1115	1116	4	30.4138126514911
2	1116	1117	4	64.40496875241847
3	1117	1118	4	4.123105625617661
4	1118	1119	4	1.0
1	1120	1121	1	84.59905436823747
2	1121	1122	1	5.0
3	1122	1123	1	1.4142135623730951
1	1124	1125	1	35.35533905932738
2	1125	1126	1	1.0
1	1127	1128	2	16.492422502470642
2	1128	1129	2	1.4142135623730951
1	1130	1131	4	60.40695324215582
2	1131	1132	4	1.4142135623730951
1	1133	1134	1	30.0
2	1134	1135	1	60.13318551349163
3	1135	1136	1	82.20097323024831
4	1136	1137	1	32.01562118716424
5	1137	1138	1	59.0592922409336
6	1138	1139	1	5.0
7	1139	1140	1	1.4142135623730951
1	1141	1142	4	34.713109915419565
2	1142	1143	4	1.4142135623730951
1	1144	1145	1	6.324555320336759
2	1145	1146	1	23.345235059857504
3	1146	1147	1	55.94640292279746
4	1147	1148	1	86.97700845625813
5	1148	1149	1	66.49060083951716
6	1149	1150	1	22.47220505424423
7	1150	1151	1	50.91168824543142
8	1151	1152	1	1.0
1	1153	1154	4	79.40403012442127
2	1154	1155	4	33.54101966249684
3	1155	1156	4	1.0
1	1157	1158	1	80.44874144447506
2	1158	1159	1	2.23606797749979
3	1159	1160	1	5.0990195135927845
4	1160	1161	1	1.0
1	1162	1163	4	93.5200513259055
2	1163	1164	4	46.010868281309364
3	1164	1165	4	91.39474820797966
4	1165	1166	4	39.11521443121589
5	1166	1167	4	1.0
1	1168	1169	4	85.0
2	1169	1170	4	3.605551275463989
3	1170	1171	4	2.0
4	1171	1172	4	36.6742416417845
5	1172	1173	4	1.4142135623730951
1	1174	1175	4	80.72174428244226
2	1175	1176	4	91.4166286842826
3	1176	1177	4	89.69392398596462
4	1177	1178	4	90.60905032059435
5	1178	1179	4	1.4142135623730951
1	1180	1181	1	15.620499351813308
2	1181	1182	1	59.033888572581766
3	1182	1183	1	22.360679774997898
4	1183	1184	1	60.74537019394976
5	1184	1185	1	28.635642126552707
6	1185	1186	1	92.64987857520376
7	1186	1187	1	34.52535300326414
8	1187	1188	1	1.4142135623730951
1	1189	1190	1	87.09190547921202
2	1190	1191	1	26.68332812825267
3	1191	1192	1	1.4142135623730951
1	1193	1194	1	89.55445270895244
2	1194	1195	1	81.15417426109393
3	1195	1196	1	24.413111231467404
4	1196	1197	1	1.0
1	1198	1199	2	65.49045732013177
2	1199	1200	2	24.186773244895647
3	1200	1201	2	88.25531145489205
4	1201	1202	2	84.87638069569178
5	1202	1203	2	88.81441324469807
6	1203	1204	2	68.42514157822401
7	1204	1205	2	1.0
1	1206	1207	1	82.22530024268686
2	1207	1208	1	1.0
1	1209	1210	1	84.40379138403677
2	1210	1211	1	8.06225774829855
3	1211	1212	1	1.4142135623730951
1	1213	1214	1	88.32326986700618
2	1214	1215	1	92.20086767487604
3	1215	1216	1	79.07591289387686
4	1216	1217	1	87.20091742636656
5	1217	1218	1	11.661903789690601
6	1218	1219	1	1.0
7	1219	1220	1	1.0
1	1221	1222	2	47.16990566028302
2	1222	1223	2	1.4142135623730951
1	1224	1225	1	80.75270893288967
2	1225	1226	1	81.49846624323675
3	1226	1227	1	1.0
1	1228	1229	2	1.4142135623730951
2	1229	1230	2	1.4142135623730951
1	1231	1232	1	76.02631123499285
2	1232	1233	1	1.4142135623730951
1	1234	1235	1	93.7709976485267
2	1235	1236	1	87.46427842267951
3	1236	1237	1	21.840329667841555
4	1237	1238	1	65.5133574166368
5	1238	1239	1	87.72684879784524
6	1239	1240	1	79.30952023559341
7	1240	1241	1	77.0
8	1241	1242	1	84.05950273467003
9	1242	1243	1	71.84705978674423
10	1243	1244	1	1.0
1	1245	1246	2	81.21576201698781
2	1246	1247	2	13.416407864998739
3	1247	1248	2	1.4142135623730951
1	1249	1250	3	33.61547262794322
2	1250	1251	3	1.4142135623730951
1	1252	1253	1	92.35799911215054
2	1253	1254	1	13.601470508735444
3	1254	1255	1	5.0990195135927845
4	1255	1256	1	29.274562336608895
5	1256	1257	1	1.4142135623730951
1	1258	1259	1	50.32891812864648
2	1259	1260	1	1.0
1	1261	1262	1	50.99019513592785
2	1262	1263	1	13.892443989449804
3	1263	1264	1	8.06225774829855
4	1264	1265	1	1.4142135623730951
1	1266	1267	2	81.46778504415104
2	1267	1268	2	86.12200647918046
3	1268	1269	2	21.02379604162864
4	1269	1270	2	66.76076692189807
5	1270	1271	2	91.7877987534291
6	1271	1272	2	39.824615503479755
7	1272	1273	2	1.0
1	1274	1275	1	6.4031242374328485
2	1275	1276	1	86.40023148117139
3	1276	1277	1	71.61005515987263
4	1277	1278	1	11.180339887498949
5	1278	1279	1	89.98888820293314
6	1279	1280	1	85.38149682454625
7	1280	1281	1	30.886890422961002
8	1281	1282	1	1.4142135623730951
1	1283	1284	2	46.486557196677836
2	1284	1285	2	1.0
1	1286	1287	1	86.83893136145792
2	1287	1288	1	23.021728866442675
3	1288	1289	1	29.410882339705484
4	1289	1290	1	40.45985664828782
5	1290	1291	1	87.92041856133307
6	1291	1292	1	28.319604517012593
7	1292	1293	1	1.4142135623730951
1	1294	1295	2	55.036351623268054
2	1295	1296	2	36.22154055254967
3	1296	1297	2	38.07886552931954
4	1297	1298	2	49.24428900898052
5	1298	1299	2	73.7563556583431
6	1299	1300	2	1.4142135623730951
1	1301	1302	1	60.00833275470999
2	1302	1303	1	1.4142135623730951
1	1304	1305	1	2.23606797749979
2	1305	1306	1	21.93171219946131
3	1306	1307	1	68.30812543175226
4	1307	1308	1	2.23606797749979
5	1308	1309	1	85.14693182963201
6	1309	1310	1	19.1049731745428
7	1310	1311	1	11.40175425099138
8	1311	1312	1	1.4142135623730951
1	1313	1314	1	86.34813257969161
2	1314	1315	1	90.35485598461214
3	1315	1316	1	41.30375285612676
4	1316	1317	1	1.0
1	1318	1319	1	17.204650534085253
2	1319	1320	1	52.3450093132096
3	1320	1321	1	19.1049731745428
4	1321	1322	1	73.49829930005184
5	1322	1323	1	17.08800749063506
6	1323	1324	1	18.439088914585774
7	1324	1325	1	2.23606797749979
8	1325	1326	1	1.4142135623730951
1	1327	1328	2	82.03657720797473
2	1328	1329	2	89.02246907382428
3	1329	1330	2	72.24956747275377
4	1330	1331	2	66.37017402418047
5	1331	1332	2	16.55294535724685
6	1332	1333	2	82.97590011563598
7	1333	1334	2	56.302753041036986
8	1334	1335	2	8.94427190999916
9	1335	1336	2	11.313708498984761
10	1336	1337	2	37.44329045369811
11	1337	1338	2	25.612496949731394
12	1338	1339	2	7.211102550927978
13	1339	1340	2	1.4142135623730951
1	1341	1342	1	14.0
2	1342	1343	1	21.93171219946131
3	1343	1344	1	1.0
1	1345	1346	1	88.81441324469807
2	1346	1347	1	84.21995013059554
3	1347	1348	1	1.4142135623730951
4	1348	1349	1	1.0
1	1350	1351	2	86.34813257969161
2	1351	1352	2	63.788713735268246
3	1352	1353	2	21.02379604162864
4	1353	1354	2	81.15417426109393
5	1354	1355	2	10.770329614269007
6	1355	1356	2	15.620499351813308
7	1356	1357	2	4.47213595499958
8	1357	1358	2	42.485291572496
9	1358	1359	2	21.02379604162864
10	1359	1360	2	50.35871324805669
11	1360	1361	2	15.652475842498529
12	1361	1362	2	1.0
1	1363	1364	3	79.40403012442127
2	1364	1365	3	57.0087712549569
3	1365	1366	3	16.15549442140351
4	1366	1367	3	66.24198064671678
5	1367	1368	3	1.4142135623730951
1	1369	1370	1	88.0056816347672
2	1370	1371	1	90.4267659490264
3	1371	1372	1	87.5728268357257
4	1372	1373	1	86.12200647918046
5	1373	1374	1	67.26812023536856
6	1374	1375	1	1.0
1	1376	1377	1	69.65629906907199
2	1377	1378	1	1.4142135623730951
1	1379	1380	1	23.194827009486403
2	1380	1381	1	1.0
1	1382	1383	2	86.31338250816034
2	1383	1384	2	85.09406559801923
3	1384	1385	2	86.34813257969161
4	1385	1386	2	80.89499366462674
5	1386	1387	2	77.20103626247513
6	1387	1388	2	13.45362404707371
7	1388	1389	2	31.400636936215164
8	1389	1390	2	33.83784863137726
9	1390	1391	2	1.0
1	1392	1393	1	98.04590761474952
2	1393	1394	1	95.02105029939419
3	1394	1395	1	33.24154027718932
4	1395	1396	1	1.0
1	1397	1398	1	23.853720883753127
2	1398	1399	1	1.0
1	1400	1401	1	40.80441152620633
2	1401	1402	1	43.139309220245984
3	1402	1403	1	27.85677655436824
4	1403	1404	1	5.0
5	1404	1405	1	1.4142135623730951
1	1406	1407	1	81.39410298049853
2	1407	1408	1	4.0
3	1408	1409	1	4.123105625617661
4	1409	1410	1	3.0
5	1410	1411	1	1.0
1	1412	1413	2	74.51845409024533
2	1413	1414	2	5.830951894845301
3	1414	1415	2	56.85068161420758
4	1415	1416	2	1.0
1	1417	1418	1	6.4031242374328485
2	1418	1419	1	68.5054742338158
3	1419	1420	1	1.0
1	1421	1422	1	76.16429609731846
2	1422	1423	1	54.56189146281496
3	1423	1424	1	15.811388300841896
4	1424	1425	1	1.4142135623730951
1	1426	1427	1	93.02150289046077
2	1427	1428	1	91.52595260361949
3	1428	1429	1	72.94518489934754
4	1429	1430	1	45.60701700396552
5	1430	1431	1	1.0
1	1432	1433	2	70.26378868236469
2	1433	1434	2	1.4142135623730951
1	1435	1436	2	77.82030583337487
2	1436	1437	2	10.770329614269007
3	1437	1438	2	85.32877591996736
4	1438	1439	2	62.5859409132754
5	1439	1440	2	1.0
1	1441	1442	1	48.83646178829912
2	1442	1443	1	1.4142135623730951
1	1444	1445	1	48.33218389437829
2	1445	1446	1	36.61966684720111
3	1446	1447	1	27.51363298439521
4	1447	1448	1	1.0
1	1449	1450	1	47.51841748206689
2	1450	1451	1	1.0
1	1452	1453	1	49.39635614091387
2	1453	1454	1	1.4142135623730951
1	1455	1456	2	44.77722635447622
2	1456	1457	2	36.87817782917155
3	1457	1458	2	10.816653826391969
4	1458	1459	2	32.2490309931942
5	1459	1460	2	53.45091205957107
6	1460	1461	2	58.240879114244144
7	1461	1462	2	1.4142135623730951
1	1463	1464	2	87.04596486914255
2	1464	1465	2	75.27283706623525
3	1465	1466	2	16.97056274847714
4	1466	1467	2	19.6468827043885
5	1467	1468	2	1.0
1	1469	1470	2	45.60701700396552
2	1470	1471	2	38.897300677553446
3	1471	1472	2	64.88451279003334
4	1472	1473	2	15.524174696260024
5	1473	1474	2	84.86459803710851
6	1474	1475	2	1.4142135623730951
1	1476	1477	1	74.24957912338628
2	1477	1478	1	1.0
1	1479	1480	1	25.079872407968907
2	1480	1481	1	1.4142135623730951
1	1482	1483	2	61.61168720299745
2	1483	1484	2	22.80350850198276
3	1484	1485	2	40.311288741492746
4	1485	1486	2	19.72308292331602
5	1486	1487	2	25.238858928247925
6	1487	1488	2	88.14193099768123
7	1488	1489	2	87.8179936004006
8	1489	1490	2	23.021728866442675
9	1490	1491	2	1.4142135623730951
1	1492	1493	1	95.02105029939419
2	1493	1494	1	85.61541917201598
3	1494	1495	1	31.575306807693888
4	1495	1496	1	17.46424919657298
5	1496	1497	1	1.4142135623730951
1	1498	1499	1	22.360679774997898
2	1499	1500	1	1.4142135623730951
1	1501	1502	1	67.11929677819934
2	1502	1503	1	29.5296461204668
3	1503	1504	1	1.0
1	1505	1506	1	74.33034373659252
2	1506	1507	1	1.0
1	1508	1509	1	77.83315488916018
2	1509	1510	1	12.041594578792296
3	1510	1511	1	30.886890422961002
4	1511	1512	1	1.4142135623730951
1	1513	1514	2	31.89043743820395
2	1514	1515	2	2.8284271247461903
3	1515	1516	2	1.0
1	1517	1518	1	79.64923100695951
2	1518	1519	1	80.65358020571685
3	1519	1520	1	44.04543109109048
4	1520	1521	1	1.0
1	1522	1523	2	86.20904824900923
2	1523	1524	2	44.94441010848846
3	1524	1525	2	1.4142135623730951
1	1526	1527	2	60.440052945046304
2	1527	1528	2	1.4142135623730951
1	1529	1530	2	62.81719509815764
2	1530	1531	2	1.0
1	1532	1533	1	55.362442142665635
2	1533	1534	1	18.027756377319946
3	1534	1535	1	17.46424919657298
4	1535	1536	1	2.23606797749979
5	1536	1537	1	85.7962703152066
6	1537	1538	1	51.15662224971465
7	1538	1539	1	1.4142135623730951
1	1540	1541	1	31.240998703626616
2	1541	1542	1	8.48528137423857
3	1542	1543	1	1.4142135623730951
1	1544	1545	1	59.841457201508724
2	1545	1546	1	24.08318915758459
3	1546	1547	1	2.0
4	1547	1548	1	5.0
5	1548	1549	1	1.0
1	1550	1551	2	22.135943621178654
2	1551	1552	2	63.60031446463138
3	1552	1553	2	90.79647570252934
4	1553	1554	2	12.649110640673518
5	1554	1555	2	1.0
1	1556	1557	1	61.40032573203501
2	1557	1558	1	1.4142135623730951
1	1559	1560	1	29.732137494637012
2	1560	1561	1	12.165525060596439
3	1561	1562	1	15.231546211727817
4	1562	1563	1	37.48332962798263
5	1563	1564	1	72.24956747275377
6	1564	1565	1	15.652475842498529
7	1565	1566	1	72.20110802473879
8	1566	1567	1	91.13725912051558
9	1567	1568	1	90.78546139112804
10	1568	1569	1	48.373546489791295
11	1569	1570	1	1.0
1	1571	1572	2	3.0
2	1572	1573	2	1.4142135623730951
1	1574	1575	1	86.76981041814025
2	1575	1576	1	92.11405973031478
3	1576	1577	1	30.4138126514911
4	1577	1578	1	12.041594578792296
5	1578	1579	1	1.4142135623730951
1	1580	1581	1	88.05679985100527
2	1581	1582	1	18.24828759089466
3	1582	1583	1	41.048751503547585
4	1583	1584	1	1.0
1	1585	1586	2	77.25283166331187
2	1586	1587	2	5.385164807134504
3	1587	1588	2	72.02777242147643
4	1588	1589	2	1.0
1	1590	1591	3	70.178344238091
2	1591	1592	3	25.238858928247925
3	1592	1593	3	20.8806130178211
4	1593	1594	3	53.14132102234569
5	1594	1595	3	1.0
1	1596	1597	1	88.54377448471462
2	1597	1598	1	26.0
3	1598	1599	1	1.4142135623730951
1	1600	1601	3	30.4138126514911
2	1601	1602	3	1.0
1	1603	1604	1	76.10519036176179
2	1604	1605	1	16.492422502470642
3	1605	1606	1	49.09175083453431
4	1606	1607	1	1.4142135623730951
1	1608	1609	3	85.98255637046388
2	1609	1610	3	40.80441152620633
3	1610	1611	3	1.4142135623730951
1	1612	1613	1	32.802438933713454
2	1613	1614	1	48.76474136094644
3	1614	1615	1	12.083045973594572
4	1615	1616	1	1.0
1	1617	1618	3	25.059928172283335
2	1618	1619	3	1.4142135623730951
1	1620	1621	3	89.00561780022652
2	1621	1622	3	74.33034373659252
3	1622	1623	3	19.79898987322333
4	1623	1624	3	10.295630140987
5	1624	1625	3	1.0
1	1626	1627	3	80.8084154033477
2	1627	1628	3	31.38470965295043
3	1628	1629	3	56.04462507680822
4	1629	1630	3	31.622776601683793
5	1630	1631	3	1.4142135623730951
1	1632	1633	1	73.68174807915459
2	1633	1634	1	7.280109889280518
3	1634	1635	1	92.19544457292888
4	1635	1636	1	92.59049627256569
5	1636	1637	1	10.44030650891055
6	1637	1638	1	1.0
1	1639	1640	3	79.51100552753688
2	1640	1641	3	1.0
1	1642	1643	1	64.0
2	1643	1644	1	15.231546211727817
3	1644	1645	1	1.0
4	1645	1646	1	1.4142135623730951
1	1647	1648	3	48.41487374764082
2	1648	1649	3	40.718546143004666
3	1649	1650	3	34.713109915419565
4	1650	1651	3	1.0
1	1652	1653	1	92.84934033152847
2	1653	1654	1	85.32877591996736
3	1654	1655	1	21.02379604162864
4	1655	1656	1	62.51399843235114
5	1656	1657	1	5.0990195135927845
6	1657	1658	1	1.0
1	1659	1660	3	22.80350850198276
2	1660	1661	3	1.4142135623730951
1	1662	1663	1	86.05230967266364
2	1663	1664	1	55.21775076911409
3	1664	1665	1	32.7566787083184
4	1665	1666	1	2.0
5	1666	1667	1	6.4031242374328485
6	1667	1668	1	75.59100475585703
7	1668	1669	1	18.601075237738275
8	1669	1670	1	1.0
1	1671	1672	3	92.66067126888301
2	1672	1673	3	90.4267659490264
3	1673	1674	3	86.53900854527974
4	1674	1675	3	21.2602916254693
5	1675	1676	3	1.0
1	1677	1678	3	44.181444068749045
2	1678	1679	3	1.4142135623730951
1	1680	1681	1	85.70880934886448
2	1681	1682	1	81.74350127074322
3	1682	1683	1	42.44997055358225
4	1683	1684	1	1.0
1	1685	1686	3	79.22752047110903
2	1686	1687	3	90.27181176868004
3	1687	1688	3	58.0
4	1688	1689	3	1.4142135623730951
1	1690	1691	1	91.13725912051558
2	1691	1692	1	5.0990195135927845
3	1692	1693	1	53.23532661682466
4	1693	1694	1	1.0
1	1695	1696	3	90.19977827023745
2	1696	1697	3	40.311288741492746
3	1697	1698	3	1.0
1	1699	1700	3	30.083217912982647
2	1700	1701	3	1.4142135623730951
1	1702	1703	3	89.89994438263018
2	1703	1704	3	78.43468620451031
3	1704	1705	3	65.76473218982953
4	1705	1706	3	1.4142135623730951
1	1707	1708	1	84.05950273467003
2	1708	1709	1	2.23606797749979
3	1709	1710	1	70.7248188403477
4	1710	1711	1	1.0
1	1712	1713	3	49.47726750741192
2	1713	1714	3	1.0
1	1715	1716	3	67.4166151627327
2	1716	1717	3	1.0
1	1718	1719	3	13.892443989449804
2	1719	1720	3	1.0
1	1721	1722	3	80.65358020571685
2	1722	1723	3	73.92563831310488
3	1723	1724	3	72.2357252334328
4	1724	1725	3	1.4142135623730951
1	1726	1727	1	90.02777349240623
2	1727	1728	1	4.0
3	1728	1729	1	1.0
1	1730	1731	3	30.4138126514911
2	1731	1732	3	1.4142135623730951
1	1733	1734	3	66.06814663663572
2	1734	1735	3	1.4142135623730951
1	1736	1737	1	18.384776310850235
2	1737	1738	1	44.0
3	1738	1739	1	1.0
1	1740	1741	3	30.0
2	1741	1742	3	1.4142135623730951
1	1743	1744	3	81.21576201698781
2	1744	1745	3	86.95401083331349
3	1745	1746	3	82.22530024268686
4	1746	1747	3	93.30058949438637
5	1747	1748	3	2.0
6	1748	1749	3	1.0
1	1750	1751	3	39.56008088970496
2	1751	1752	3	1.0
1	1753	1754	3	92.39588735436226
2	1754	1755	3	65.5133574166368
3	1755	1756	3	1.0
1	1757	1758	4	90.80198235721508
2	1758	1759	4	47.53945729601885
3	1759	1760	4	1.4142135623730951
1	1761	1762	1	2.0
2	1762	1763	1	87.96590248499699
3	1763	1764	1	22.20360331117452
4	1764	1765	1	43.266615305567875
5	1765	1766	1	1.4142135623730951
1	1767	1768	1	45.0
2	1768	1769	1	1.0
1	1770	1771	1	72.71863585079137
2	1771	1772	1	19.209372712298546
3	1772	1773	1	72.12489168102785
4	1773	1774	1	1.0
1	1775	1776	1	87.84645695758026
2	1776	1777	1	6.4031242374328485
3	1777	1778	1	1.4142135623730951
1	1779	1780	2	21.213203435596427
2	1780	1781	2	1.4142135623730951
1	1782	1783	2	85.0
2	1783	1784	2	44.14748010928823
3	1784	1785	2	47.07440918375928
4	1785	1786	2	10.44030650891055
5	1786	1787	2	1.0
1	1788	1789	2	87.5956619930462
2	1789	1790	2	88.58893836140041
3	1790	1791	2	46.14108798023731
4	1791	1792	2	9.899494936611665
5	1792	1793	2	1.4142135623730951
1	1794	1795	1	68.3593446428504
2	1795	1796	1	1.4142135623730951
1	1797	1798	1	77.41446893184762
2	1798	1799	1	32.2490309931942
3	1799	1800	1	1.0
1	1801	1802	2	96.93812459502195
2	1802	1803	2	86.81589716175259
3	1803	1804	2	59.841457201508724
4	1804	1805	2	1.0
1	1806	1807	3	75.39230729988306
2	1807	1808	3	1.0
1	1809	1810	1	78.03204469959762
2	1810	1811	1	8.06225774829855
3	1811	1812	1	90.21086409075129
4	1812	1813	1	47.43416490252569
5	1813	1814	1	13.416407864998739
6	1814	1815	1	1.4142135623730951
1	1816	1817	3	80.36168241145776
2	1817	1818	3	1.4142135623730951
1	1819	1820	1	90.82400563727631
2	1820	1821	1	86.88498144098322
3	1821	1822	1	88.05679985100527
4	1822	1823	1	30.083217912982647
5	1823	1824	1	57.97413216254298
6	1824	1825	1	21.213203435596427
7	1825	1826	1	3.0
8	1826	1827	1	1.0
1	1828	1829	3	27.294688127912362
2	1829	1830	3	1.0
1	1831	1832	1	25.298221281347036
2	1832	1833	1	1.4142135623730951
1	1834	1835	3	93.02150289046077
2	1835	1836	3	89.94442728707543
3	1836	1837	3	91.0823802938856
4	1837	1838	3	35.90264614203248
5	1838	1839	3	1.4142135623730951
1	1840	1841	1	34.785054261852174
2	1841	1842	1	49.57822102496216
3	1842	1843	1	90.47098982546837
4	1843	1844	1	12.041594578792296
5	1844	1845	1	16.15549442140351
6	1845	1846	1	1.0
1	1847	1848	3	95.25754563287887
2	1848	1849	3	89.20201791439474
3	1849	1850	3	18.35755975068582
4	1850	1851	3	1.4142135623730951
1	1852	1853	1	82.87339742040264
2	1853	1854	1	1.0
1	1855	1856	1	54.037024344425184
2	1856	1857	1	42.20189569201838
3	1857	1858	1	69.42621983083913
4	1858	1859	1	1.4142135623730951
1	1860	1861	2	92.63368717696602
2	1861	1862	2	45.45327270945405
3	1862	1863	2	42.5205832509386
4	1863	1864	2	13.038404810405298
5	1864	1865	2	18.0
6	1865	1866	2	37.107950630558946
7	1866	1867	2	1.4142135623730951
1	1868	1869	1	66.94027188471824
2	1869	1870	1	1.4142135623730951
1	1871	1872	1	37.8549864614954
2	1872	1873	1	43.174066289845804
3	1873	1874	1	17.26267650163207
4	1874	1875	1	1.0
1	1876	1877	2	94.36630754670864
2	1877	1878	2	66.91038783328041
3	1878	1879	2	1.4142135623730951
1	1880	1881	1	50.566787519082126
2	1881	1882	1	42.44997055358225
3	1882	1883	1	87.80091115700337
4	1883	1884	1	7.810249675906654
5	1884	1885	1	1.4142135623730951
1	1886	1887	2	89.27485648266257
2	1887	1888	2	91.98369420718001
3	1888	1889	2	24.186773244895647
4	1889	1890	2	1.0
1	1891	1892	3	93.74433316206373
2	1892	1893	3	24.08318915758459
3	1893	1894	3	1.0
1	1895	1896	4	51.03920062069938
2	1896	1897	4	1.0
1	1898	1899	5	1.0
1	1900	1901	5	88.48163651289458
2	1901	1902	5	51.62363799656123
3	1902	1903	5	36.40054944640259
4	1903	1904	5	1.0
1	1905	1906	1	60.03332407921454
2	1906	1907	1	28.071337695236398
3	1907	1908	1	63.52952069707436
4	1908	1909	1	22.090722034374522
5	1909	1910	1	80.0
6	1910	1911	1	1.0
1	1912	1913	5	60.74537019394976
2	1913	1914	5	1.0
1	1915	1916	1	84.40379138403677
2	1916	1917	1	95.00526301210897
3	1917	1918	1	3.1622776601683795
4	1918	1919	1	1.4142135623730951
1	1920	1921	5	1.4142135623730951
2	1921	1922	5	1.0
1	1923	1924	5	91.48223871331527
2	1924	1925	5	88.3911760301898
3	1925	1926	5	1.4142135623730951
1	1927	1928	1	29.017236257093817
2	1928	1929	1	1.0
1	1930	1931	1	52.773099207835045
2	1931	1932	1	1.0
3	1932	1933	1	32.01562118716424
4	1933	1934	1	86.53900854527974
5	1934	1935	1	17.804493814764857
6	1935	1936	1	1.4142135623730951
1	1937	1938	2	13.038404810405298
2	1938	1939	2	1.0
1	1940	1941	5	43.86342439892262
2	1941	1942	5	1.0
1	1943	1944	5	76.84399781375251
2	1944	1945	5	24.596747752497688
3	1945	1946	5	60.29925372672534
4	1946	1947	5	57.271284253105414
5	1947	1948	5	1.0
1	1949	1950	5	87.09190547921202
2	1950	1951	5	7.0710678118654755
3	1951	1952	5	88.61715409558128
4	1952	1953	5	13.038404810405298
5	1953	1954	5	1.4142135623730951
1	1955	1956	1	91.21951545584969
2	1956	1957	1	81.59656855530139
3	1957	1958	1	1.0
1	1959	1960	5	35.73513677041127
2	1960	1961	5	1.0
1	1962	1963	1	21.470910553583888
2	1963	1964	1	22.847319317591726
3	1964	1965	1	1.0
4	1965	1966	1	1.4142135623730951
1	1967	1968	1	62.39390995922599
2	1968	1969	1	1.0
1	1970	1971	2	51.15662224971465
2	1971	1972	2	32.984845004941285
3	1972	1973	2	35.11409973215888
4	1973	1974	2	1.0
1	1975	1976	1	90.52071586106685
2	1976	1977	1	83.19254774317228
3	1977	1978	1	40.311288741492746
4	1978	1979	1	9.219544457292887
5	1979	1980	1	1.0
1	1981	1982	1	26.68332812825267
2	1982	1983	1	64.62197768561404
3	1983	1984	1	87.66413177577246
4	1984	1985	1	56.515484603779164
5	1985	1986	1	1.4142135623730951
1	1987	1988	1	50.774009099144415
2	1988	1989	1	1.4142135623730951
1	1990	1991	2	28.071337695236398
2	1991	1992	2	20.0
3	1992	1993	2	37.36308338453881
4	1993	1994	2	77.20103626247513
5	1994	1995	2	39.0
6	1995	1996	2	1.4142135623730951
1	1997	1998	1	23.853720883753127
2	1998	1999	1	63.89053137985315
3	1999	2000	1	93.14504817756014
4	2000	2001	1	66.007575322837
5	2001	2002	1	1.0
1	2003	2004	1	12.206555615733702
2	2004	2005	1	22.20360331117452
3	2005	2006	1	1.4142135623730951
1	2007	2008	1	36.40054944640259
2	2008	2009	1	1.4142135623730951
1	2010	2011	1	81.40024569987489
2	2011	2012	1	31.622776601683793
3	2012	2013	1	1.4142135623730951
1	2014	2015	2	88.60022573334675
2	2015	2016	2	33.95585369269929
3	2016	2017	2	54.45181356024793
4	2017	2018	2	34.92849839314596
5	2018	2019	2	1.0
6	2019	2020	2	40.45985664828782
7	2020	2021	2	77.02596964660685
8	2021	2022	2	1.0
1	2023	2024	1	69.6419413859206
2	2024	2025	1	20.0
3	2025	2026	1	83.38465086573187
4	2026	2027	1	63.0317380372777
5	2027	2028	1	12.806248474865697
6	2028	2029	1	11.40175425099138
7	2029	2030	1	42.04759208325728
8	2030	2031	1	2.8284271247461903
9	2031	2032	1	44.9221548904324
10	2032	2033	1	52.03844732503075
11	2033	2034	1	31.78049716414141
12	2034	2035	1	52.88667128870941
13	2035	2036	1	1.4142135623730951
1	2037	2038	1	24.351591323771842
2	2038	2039	1	1.0
1	2040	2041	1	87.20665112249179
2	2041	2042	1	79.60527620704548
3	2042	2043	1	55.0
4	2043	2044	1	1.4142135623730951
1	2045	2046	1	58.60034129593445
2	2046	2047	1	1.4142135623730951
1	2048	2049	1	24.73863375370596
2	2049	2050	1	1.4142135623730951
1	2051	2052	2	79.63039620647382
2	2052	2053	2	89.19641248391103
3	2053	2054	2	79.2464510246358
4	2054	2055	2	76.6550715869472
5	2055	2056	2	15.033296378372908
6	2056	2057	2	1.4142135623730951
1	2058	2059	1	27.51363298439521
2	2059	2060	1	1.4142135623730951
1	2061	2062	1	98.12746812182611
2	2062	2063	1	98.08159868191383
3	2063	2064	1	98.02040603874276
4	2064	2065	1	97.04638066409278
5	2065	2066	1	51.264022471905186
6	2066	2067	1	34.539832078341085
7	2067	2068	1	1.0
1	2069	2070	2	21.02379604162864
2	2070	2071	2	1.4142135623730951
1	2072	2073	1	53.74011537017761
2	2073	2074	1	21.02379604162864
3	2074	2075	1	1.4142135623730951
1	2076	2077	1	90.52071586106685
2	2077	2078	1	83.5224520712844
3	2078	2079	1	82.20097323024831
4	2079	2080	1	2.23606797749979
5	2080	2081	1	1.4142135623730951
1	2082	2083	1	73.59347797189639
2	2083	2084	1	1.4142135623730951
3	2084	2085	1	1.0
1	2086	2087	1	41.7612260356422
2	2087	2088	1	1.0
1	2089	2090	1	89.69392398596462
2	2090	2091	1	52.20153254455275
3	2091	2092	1	35.35533905932738
4	2092	2093	1	91.26883367283708
5	2093	2094	1	92.43916918709297
6	2094	2095	1	58.7962583843564
7	2095	2096	1	29.068883707497267
8	2096	2097	1	93.43446901438462
9	2097	2098	1	26.30589287593181
10	2098	2099	1	61.032778078668514
11	2099	2100	1	8.48528137423857
12	2100	2101	1	1.0
1	2102	2103	1	26.076809620810597
2	2103	2104	1	1.4142135623730951
1	2105	2106	2	87.45856161634491
2	2106	2107	2	17.204650534085253
3	2107	2108	2	1.4142135623730951
1	2109	2110	2	54.20332093147061
2	2110	2111	2	1.0
1	2112	2113	1	90.78546139112804
2	2113	2114	1	8.54400374531753
3	2114	2115	1	1.4142135623730951
1	2116	2117	2	60.41522986797286
2	2117	2118	2	23.853720883753127
3	2118	2119	2	53.2634959423431
4	2119	2120	2	2.23606797749979
5	2120	2121	2	1.0
1	2122	2123	2	92.02716990106781
2	2123	2124	2	56.356011214421486
3	2124	2125	2	1.4142135623730951
1	2126	2127	2	42.1070065428546
2	2127	2128	2	1.0
1	2129	2130	1	3.0
2	2130	2131	1	67.23094525588644
3	2131	2132	1	15.652475842498529
4	2132	2133	1	30.610455730027933
5	2133	2134	1	54.378304497290095
6	2134	2135	1	50.99019513592785
7	2135	2136	1	37.33630940518894
8	2136	2137	1	70.45565981523414
9	2137	2138	1	1.4142135623730951
1	2139	2140	2	35.05709628591621
2	2140	2141	2	1.0
1	2142	2143	1	81.39410298049853
2	2143	2144	1	1.0
1	2145	2146	1	45.79301256742124
2	2146	2147	1	1.0
1	2148	2149	1	17.0
2	2149	2150	1	11.180339887498949
3	2150	2151	1	42.2965719651132
4	2151	2152	1	1.0
1	2153	2154	1	3.605551275463989
2	2154	2155	1	51.61395160225576
3	2155	2156	1	37.20215047547655
4	2156	2157	1	53.16013544000805
5	2157	2158	1	1.0
1	2159	2160	1	38.3275357934736
2	2160	2161	1	1.0
3	2161	2162	1	1.4142135623730951
1	2163	2164	1	56.142675390472796
2	2164	2165	1	1.4142135623730951
1	2166	2167	2	15.0
2	2167	2168	2	1.4142135623730951
1	2169	2170	1	89.44271909999159
2	2170	2171	1	32.57299494980466
3	2171	2172	1	1.0
1	2173	2174	1	6.4031242374328485
2	2174	2175	1	4.123105625617661
3	2175	2176	1	66.48308055437865
4	2176	2177	1	18.788294228055936
5	2177	2178	1	23.259406699226016
6	2178	2179	1	63.41135544995076
7	2179	2180	1	22.627416997969522
8	2180	2181	1	1.4142135623730951
1	2182	2183	1	85.37564055396598
2	2183	2184	1	84.48076704197234
3	2184	2185	1	9.848857801796104
4	2185	2186	1	1.0
1	2187	2188	2	84.43340571124678
2	2188	2189	2	32.01562118716424
3	2189	2190	2	1.4142135623730951
1	2191	2192	2	91.93475947648963
2	2192	2193	2	13.601470508735444
3	2193	2194	2	1.0
1	2195	2196	3	28.178005607210743
2	2196	2197	3	5.830951894845301
3	2197	2198	3	60.40695324215582
4	2198	2199	3	35.17101079013795
5	2199	2200	3	1.4142135623730951
1	2201	2202	1	78.77182237323191
2	2202	2203	1	1.0
1	2204	2205	3	17.11724276862369
2	2205	2206	3	1.0
1	2207	2208	1	92.70382947861431
2	2208	2209	1	91.41115905621152
3	2209	2210	1	36.345563690772494
4	2210	2211	1	47.16990566028302
5	2211	2212	1	1.0
1	2213	2214	3	79.19595949289332
2	2214	2215	3	24.331050121192877
3	2215	2216	3	1.0
1	2217	2218	1	80.65358020571685
2	2218	2219	1	8.602325267042627
3	2219	2220	1	1.0
4	2220	2221	1	1.0
1	2222	2223	1	8.94427190999916
2	2223	2224	1	21.095023109728988
3	2224	2225	1	22.80350850198276
4	2225	2226	1	36.124783736376884
5	2226	2227	1	80.00624975587844
6	2227	2228	1	1.0
1	2229	2230	1	59.43904440685432
2	2230	2231	1	1.4142135623730951
1	2232	2233	1	8.94427190999916
2	2233	2234	1	34.36568055487916
3	2234	2235	1	1.0
1	2236	2237	1	71.58910531638176
2	2237	2238	1	1.4142135623730951
1	2239	2240	2	88.45903006477066
2	2240	2241	2	79.20227269466452
3	2241	2242	2	1.0
1	2243	2244	1	43.18564576337837
2	2244	2245	1	45.45327270945405
3	2245	2246	1	47.67598976424087
4	2246	2247	1	1.4142135623730951
1	2248	2249	2	10.04987562112089
2	2249	2250	2	1.0
1	2251	2252	2	90.87353850269065
2	2252	2253	2	28.284271247461902
3	2253	2254	2	1.4142135623730951
1	2255	2256	2	50.039984012787215
2	2256	2257	2	1.0
1	2258	2259	1	30.066592756745816
2	2259	2260	1	1.0
1	2261	2262	2	51.85556864985669
2	2262	2263	2	39.81205847478876
3	2263	2264	2	87.96590248499699
4	2264	2265	2	36.345563690772494
5	2265	2266	2	1.4142135623730951
1	2267	2268	1	69.26037828369117
2	2268	2269	1	21.02379604162864
3	2269	2270	1	2.0
4	2270	2271	1	15.0
5	2271	2272	1	1.0
1	2273	2274	1	85.44003745317531
2	2274	2275	1	84.20213774008353
3	2275	2276	1	90.02777349240623
4	2276	2277	1	51.97114584074513
5	2277	2278	1	1.4142135623730951
1	2279	2280	1	89.35882720806042
2	2280	2281	1	25.0
3	2281	2282	1	1.0
1	2283	2284	1	24.413111231467404
2	2284	2285	1	64.35060217278468
3	2285	2286	1	17.0
4	2286	2287	1	1.4142135623730951
1	2288	2289	2	87.84645695758026
2	2289	2290	2	69.6419413859206
3	2290	2291	2	1.0
1	2292	2293	2	38.118237105091836
2	2293	2294	2	1.0
1	2295	2296	1	26.92582403567252
2	2296	2297	1	61.61168720299745
3	2297	2298	1	40.80441152620633
4	2298	2299	1	46.61544808322666
5	2299	2300	1	18.601075237738275
6	2300	2301	1	1.4142135623730951
1	2302	2303	2	6.4031242374328485
2	2303	2304	2	1.4142135623730951
1	2305	2306	2	46.647615158762406
2	2306	2307	2	42.720018726587654
3	2307	2308	2	83.24061508662703
4	2308	2309	2	38.47076812334269
5	2309	2310	2	46.647615158762406
6	2310	2311	2	75.8946638440411
7	2311	2312	2	19.209372712298546
8	2312	2313	2	3.605551275463989
9	2313	2314	2	1.4142135623730951
1	2315	2316	1	84.8999411071645
2	2316	2317	1	5.0
3	2317	2318	1	69.35416353759881
4	2318	2319	1	90.97252332435328
5	2319	2320	1	64.8459713474939
6	2320	2321	1	1.4142135623730951
1	2322	2323	1	28.071337695236398
2	2323	2324	1	2.0
3	2324	2325	1	25.179356624028344
4	2325	2326	1	1.0
1	2327	2328	2	20.615528128088304
2	2328	2329	2	1.0
1	2330	2331	3	22.561028345356956
2	2331	2332	3	59.033888572581766
3	2332	2333	3	65.92419889539804
4	2333	2334	3	19.209372712298546
5	2334	2335	3	1.0
1	2336	2337	1	90.44888059008801
2	2337	2338	1	10.44030650891055
3	2338	2339	1	1.0
1	2340	2341	3	22.02271554554524
2	2341	2342	3	13.92838827718412
3	2342	2343	3	45.221676218380054
4	2343	2344	3	34.785054261852174
5	2344	2345	3	1.4142135623730951
1	2346	2347	3	36.345563690772494
2	2347	2348	3	1.0
1	2349	2350	1	46.52956049652737
2	2350	2351	1	42.04759208325728
3	2351	2352	1	36.6742416417845
4	2352	2353	1	1.0
1	2354	2355	3	92.02716990106781
2	2355	2356	3	59.413803110051795
3	2356	2357	3	1.4142135623730951
1	2358	2359	1	29.427877939124322
2	2359	2360	1	48.08326112068523
3	2360	2361	1	1.4142135623730951
1	2362	2363	3	81.74350127074322
2	2363	2364	3	1.4142135623730951
1	2365	2366	3	91.92388155425118
2	2366	2367	3	41.182520563948
3	2367	2368	3	1.0
1	2369	2370	4	32.2490309931942
2	2370	2371	4	1.4142135623730951
1	2372	2373	4	31.144823004794873
2	2373	2374	4	65.06919393998976
3	2374	2375	4	82.80700453464067
4	2375	2376	4	30.805843601498726
5	2376	2377	4	1.4142135623730951
1	2378	2379	4	87.69264507357501
2	2379	2380	4	1.4142135623730951
1	2381	2382	1	53.81449618829484
2	2382	2383	1	1.0
1	2384	2385	1	54.00925846556311
2	2385	2386	1	1.4142135623730951
1	2387	2388	1	45.221676218380054
2	2388	2389	1	19.849433241279208
3	2389	2390	1	26.832815729997478
4	2390	2391	1	20.808652046684813
5	2391	2392	1	51.088159097779204
6	2392	2393	1	1.0
1	2394	2395	1	83.74365647617735
2	2395	2396	1	21.540659228538015
3	2396	2397	1	2.8284271247461903
4	2397	2398	1	4.0
5	2398	2399	1	1.0
1	2400	2401	1	34.655446902326915
2	2401	2402	1	48.82622246293481
3	2402	2403	1	7.211102550927978
4	2403	2404	1	11.40175425099138
5	2404	2405	1	37.589892258425
6	2405	2406	1	1.4142135623730951
1	2407	2408	2	27.459060435491963
2	2408	2409	2	51.894122981316485
3	2409	2410	2	28.0
4	2410	2411	2	1.4142135623730951
1	2412	2413	1	86.4060183089118
2	2413	2414	1	25.079872407968907
3	2414	2415	1	13.152946437965905
4	2415	2416	1	9.486832980505138
5	2416	2417	1	40.049968789001575
6	2417	2418	1	16.278820596099706
7	2418	2419	1	1.0
1	2420	2421	1	36.76955262170047
2	2421	2422	1	1.0
1	2423	2424	1	77.02596964660685
2	2424	2425	1	29.017236257093817
3	2425	2426	1	20.808652046684813
4	2426	2427	1	1.0
1	2428	2429	1	45.0111097397076
2	2429	2430	1	45.45327270945405
3	2430	2431	1	89.40357934669059
4	2431	2432	1	17.69180601295413
5	2432	2433	1	1.4142135623730951
1	2434	2435	2	71.78439941937245
2	2435	2436	2	8.06225774829855
3	2436	2437	2	25.238858928247925
4	2437	2438	2	20.248456731316587
5	2438	2439	2	44.294469180700204
6	2439	2440	2	42.43819034784589
7	2440	2441	2	1.0
1	2442	2443	1	88.86506625215557
2	2443	2444	1	30.870698080866262
3	2444	2445	1	58.309518948453004
4	2445	2446	1	20.024984394500787
5	2446	2447	1	1.4142135623730951
1	2448	2449	1	88.0
2	2449	2450	1	2.23606797749979
3	2450	2451	1	1.0
1	2452	2453	2	82.68010643437755
2	2453	2454	2	1.4142135623730951
1	2455	2456	1	81.30190649671138
2	2456	2457	1	1.0
1	2458	2459	2	92.04890004774636
2	2459	2460	2	90.2551937563706
3	2460	2461	2	91.35097153287424
4	2461	2462	2	29.0
5	2462	2463	2	58.215118311311535
6	2463	2464	2	37.656340767525464
7	2464	2465	2	1.0
1	2466	2467	4	87.66413177577246
2	2467	2468	4	12.083045973594572
3	2468	2469	4	1.4142135623730951
1	2470	2471	1	76.94153624668537
2	2471	2472	1	75.0
3	2472	2473	1	1.0
1	2474	2475	4	25.0
2	2475	2476	4	1.0
1	2477	2478	4	28.284271247461902
2	2478	2479	4	1.4142135623730951
1	2480	2481	4	35.35533905932738
2	2481	2482	4	1.0
1	2483	2484	1	11.313708498984761
2	2484	2485	1	77.47257579298626
3	2485	2486	1	86.09297300012354
4	2486	2487	1	90.52071586106685
5	2487	2488	1	81.34494452638098
6	2488	2489	1	1.4142135623730951
1	2490	2491	4	92.28217596047462
2	2491	2492	4	92.0869154657707
3	2492	2493	4	17.08800749063506
4	2493	2494	4	1.0
1	2495	2496	4	76.94153624668537
2	2496	2497	4	82.21921916437786
3	2497	2498	4	82.3286098510111
4	2498	2499	4	32.01562118716424
5	2499	2500	4	1.0
1	2501	2502	1	77.3692445355388
2	2502	2503	1	81.49233092751734
3	2503	2504	1	81.27115109311545
4	2504	2505	1	79.1012010022604
5	2505	2506	1	17.88854381999832
6	2506	2507	1	1.4142135623730951
1	2508	2509	4	27.65863337187866
2	2509	2510	4	8.602325267042627
3	2510	2511	4	1.0
1	2512	2513	4	17.69180601295413
2	2513	2514	4	1.4142135623730951
1	2515	2516	1	79.07591289387686
2	2516	2517	1	81.88406438373708
3	2517	2518	1	88.81441324469807
4	2518	2519	1	9.486832980505138
5	2519	2520	1	1.0
1	2521	2522	1	36.05551275463989
2	2522	2523	1	25.0
3	2523	2524	1	31.144823004794873
4	2524	2525	1	26.92582403567252
5	2525	2526	1	59.90826320300064
6	2526	2527	1	3.0
7	2527	2528	1	54.12947441089743
8	2528	2529	1	1.4142135623730951
1	2530	2531	2	87.5956619930462
2	2531	2532	2	75.8023746329889
3	2532	2533	2	16.15549442140351
4	2533	2534	2	1.0
1	2535	2536	4	68.96375859826666
2	2536	2537	4	1.0
1	2538	2539	4	84.8528137423857
2	2539	2540	4	79.51100552753688
3	2540	2541	4	50.60632371551998
4	2541	2542	4	1.4142135623730951
1	2543	2544	4	76.92203845452875
2	2544	2545	4	1.0
1	2546	2547	5	52.3450093132096
2	2547	2548	5	1.0
1	2549	2550	5	80.00624975587844
2	2550	2551	5	12.727922061357855
3	2551	2552	5	1.4142135623730951
1	2553	2554	1	42.579337712087536
2	2554	2555	1	45.27692569068709
3	2555	2556	1	9.486832980505138
4	2556	2557	1	1.4142135623730951
1	2558	2559	1	79.61155694998057
2	2559	2560	1	24.166091947189145
3	2560	2561	1	64.53681120105021
4	2561	2562	1	88.56635930193812
5	2562	2563	1	82.87339742040264
6	2563	2564	1	59.405386961116584
7	2564	2565	1	1.4142135623730951
1	2566	2567	2	90.07774419910837
2	2567	2568	2	43.829214001622255
3	2568	2569	2	16.64331697709324
4	2569	2570	2	1.0
1	2571	2572	5	89.82204629154248
2	2572	2573	5	31.622776601683793
3	2573	2574	5	1.4142135623730951
1	2575	2576	1	87.0976463516667
2	2576	2577	1	1.4142135623730951
1	2578	2579	1	86.14522621712709
2	2579	2580	1	93.64827814754524
3	2580	2581	1	89.49860334105779
4	2581	2582	1	24.515301344262525
5	2582	2583	1	1.4142135623730951
1	2584	2585	2	38.27531841800928
2	2585	2586	2	1.0
1	2587	2588	5	54.62600113499065
2	2588	2589	5	1.0
3	2589	2590	5	1.0
1	2591	2592	5	8.246211251235321
2	2592	2593	5	84.5931439302264
3	2593	2594	5	10.44030650891055
4	2594	2595	5	1.0
1	2596	2597	5	92.76313923105448
2	2597	2598	5	14.035668847618199
3	2598	2599	5	1.4142135623730951
1	2600	2601	5	93.47726996441435
2	2601	2602	5	17.4928556845359
3	2602	2603	5	1.4142135623730951
1	2604	2605	1	29.546573405388315
2	2605	2606	1	18.439088914585774
3	2606	2607	1	25.238858928247925
4	2607	2608	1	1.4142135623730951
1	2609	2610	1	51.19570294468082
2	2610	2611	1	5.0990195135927845
3	2611	2612	1	1.4142135623730951
1	2613	2614	1	83.24061508662703
2	2614	2615	1	27.65863337187866
3	2615	2616	1	2.23606797749979
4	2616	2617	1	1.4142135623730951
1	2618	2619	2	71.28113354878694
2	2619	2620	2	42.37924020083418
3	2620	2621	2	1.4142135623730951
1	2622	2623	2	29.832867780352597
2	2623	2624	2	1.0
1	2625	2626	5	65.73431371817918
2	2626	2627	5	1.0
1	2628	2629	5	85.58621384311844
2	2629	2630	5	27.85677655436824
3	2630	2631	5	1.0
1	2632	2633	5	49.4064773081425
2	2633	2634	5	1.0
1	2635	2636	1	38.600518131237564
2	2636	2637	1	1.4142135623730951
1	2638	2639	5	83.48652585896721
2	2639	2640	5	90.55385138137417
3	2640	2641	5	25.019992006393608
4	2641	2642	5	1.4142135623730951
1	2643	2644	5	86.68333173107735
2	2644	2645	5	82.76472678623425
3	2645	2646	5	9.486832980505138
4	2646	2647	5	1.4142135623730951
1	2648	2649	5	34.17601498127012
2	2649	2650	5	1.4142135623730951
1	2651	2652	1	11.180339887498949
2	2652	2653	1	8.602325267042627
3	2653	2654	1	70.68238818828917
4	2654	2655	1	89.20201791439474
5	2655	2656	1	44.384682042344295
6	2656	2657	1	1.0
1	2658	2659	1	27.202941017470888
2	2659	2660	1	39.56008088970496
3	2660	2661	1	1.4142135623730951
1	2662	2663	2	5.385164807134504
2	2663	2664	2	61.773780845922005
3	2664	2665	2	97.12878049270464
4	2665	2666	2	82.15229759416349
5	2666	2667	2	1.0
1	2668	2669	1	65.49045732013177
2	2669	2670	1	1.4142135623730951
1	2671	2672	2	86.83317338436964
2	2672	2673	2	23.600847442411894
3	2673	2674	2	1.0
1	2675	2676	5	89.02246907382428
2	2676	2677	5	1.0
1	2678	2679	1	76.10519036176179
2	2679	2680	1	12.529964086141668
3	2680	2681	1	20.248456731316587
4	2681	2682	1	10.0
5	2682	2683	1	1.0
1	2684	2685	1	83.35466393669883
2	2685	2686	1	6.4031242374328485
3	2686	2687	1	37.48332962798263
4	2687	2688	1	3.605551275463989
5	2688	2689	1	1.4142135623730951
1	2690	2691	1	64.89992295835181
2	2691	2692	1	26.627053911388696
3	2692	2693	1	3.605551275463989
4	2693	2694	1	56.85068161420758
5	2694	2695	1	1.4142135623730951
1	2696	2697	2	66.70832032063167
2	2697	2698	2	1.4142135623730951
1	2699	2700	1	89.55445270895244
2	2700	2701	1	88.32326986700618
3	2701	2702	1	19.924858845171276
4	2702	2703	1	33.54101966249684
5	2703	2704	1	38.948684188300895
6	2704	2705	1	81.54140052758476
7	2705	2706	1	26.92582403567252
8	2706	2707	1	25.96150997149434
9	2707	2708	1	33.24154027718932
10	2708	2709	1	90.78546139112804
11	2709	2710	1	91.02197536858887
12	2710	2711	1	26.1725046566048
13	2711	2712	1	1.0
1	2713	2714	1	70.9365914038728
2	2714	2715	1	1.4142135623730951
1	2716	2717	1	88.10221336606703
2	2717	2718	1	84.50443775329198
3	2718	2719	1	2.0
4	2719	2720	1	1.4142135623730951
1	2721	2722	1	34.713109915419565
2	2722	2723	1	50.91168824543142
3	2723	2724	1	5.0
4	2724	2725	1	1.0
1	2726	2727	1	19.697715603592208
2	2727	2728	1	24.08318915758459
3	2728	2729	1	1.4142135623730951
1	2730	2731	2	40.792156108742276
2	2731	2732	2	48.02082881417188
3	2732	2733	2	89.58794561770016
4	2733	2734	2	31.04834939252005
5	2734	2735	2	55.80322571321482
6	2735	2736	2	29.732137494637012
7	2736	2737	2	1.0
1	2738	2739	2	54.037024344425184
2	2739	2740	2	1.4142135623730951
1	2741	2742	1	39.56008088970496
2	2742	2743	1	1.4142135623730951
1	2744	2745	1	91.54780172128658
2	2745	2746	1	91.19758768739445
3	2746	2747	1	42.01190307520001
4	2747	2748	1	1.0
1	2749	2750	2	87.65842800324451
2	2750	2751	2	14.866068747318506
3	2751	2752	2	76.92203845452875
4	2752	2753	2	1.0
5	2753	2754	2	1.4142135623730951
1	2755	2756	1	18.35755975068582
2	2756	2757	1	70.61161377563892
3	2757	2758	1	13.92838827718412
4	2758	2759	1	1.0
1	2760	2761	2	3.1622776601683795
2	2761	2762	2	8.246211251235321
3	2762	2763	2	53.53503525729669
4	2763	2764	2	1.4142135623730951
1	2765	2766	1	30.463092423455635
2	2766	2767	1	59.50630218724736
3	2767	2768	1	26.90724809414742
4	2768	2769	1	1.4142135623730951
1	2770	2771	1	84.71717653463199
2	2771	2772	1	70.26378868236469
3	2772	2773	1	15.811388300841896
4	2773	2774	1	1.0
1	2775	2776	1	81.05553651663777
2	2776	2777	1	86.33075929238663
3	2777	2778	1	88.54942122905152
4	2778	2779	1	1.0
1	2780	2781	1	92.65527507918802
2	2781	2782	1	83.43260753446461
3	2782	2783	1	89.5377015563835
4	2783	2784	1	48.16637831516918
5	2784	2785	1	30.01666203960727
6	2785	2786	1	1.4142135623730951
1	2787	2788	2	3.605551275463989
2	2788	2789	2	1.4142135623730951
1	2790	2791	1	23.53720459187964
2	2791	2792	1	1.0
1	2793	2794	2	74.73285756613352
2	2794	2795	2	8.06225774829855
3	2795	2796	2	1.4142135623730951
1	2797	2798	2	72.02777242147643
2	2798	2799	2	73.54590403278758
3	2799	2800	2	1.0
1	2801	2802	2	66.27216610312357
2	2802	2803	2	1.0
1	2804	2805	1	52.03844732503075
2	2805	2806	1	34.88552708502482
3	2806	2807	1	87.36704184073076
4	2807	2808	1	91.93475947648963
5	2808	2809	1	67.95586803212802
6	2809	2810	1	1.4142135623730951
1	2811	2812	1	22.20360331117452
2	2812	2813	1	2.0
3	2813	2814	1	68.79680225126747
4	2814	2815	1	77.05841939723393
5	2815	2816	1	77.82030583337487
6	2816	2817	1	26.1725046566048
7	2817	2818	1	1.0
1	2819	2820	2	71.11258679024411
2	2820	2821	2	10.63014581273465
3	2821	2822	2	1.4142135623730951
1	2823	2824	3	91.93475947648963
2	2824	2825	3	31.240998703626616
3	2825	2826	3	1.0
4	2826	2827	3	61.07372593840988
5	2827	2828	3	88.25531145489205
6	2828	2829	3	79.42921376924235
7	2829	2830	3	24.0
8	2830	2831	3	1.0
1	2832	2833	3	92.5418824100742
2	2833	2834	3	4.0
3	2834	2835	3	1.0
1	2836	2837	3	93.2148056909416
2	2837	2838	3	85.70880934886448
3	2838	2839	3	70.22819946431775
4	2839	2840	3	1.0
1	2841	2842	1	90.0499861188218
2	2842	2843	1	78.87331614684399
3	2843	2844	1	82.37718130647589
4	2844	2845	1	21.095023109728988
5	2845	2846	1	1.0
1	2847	2848	1	75.29276193632427
2	2848	2849	1	15.033296378372908
3	2849	2850	1	58.249463516842795
4	2850	2851	1	1.0
1	2852	2853	1	89.1403387922662
2	2853	2854	1	86.31338250816034
3	2854	2855	1	58.309518948453004
4	2855	2856	1	1.0
1	2857	2858	1	83.6301381082203
2	2858	2859	1	7.615773105863909
3	2859	2860	1	1.4142135623730951
1	2861	2862	2	60.41522986797286
2	2862	2863	2	1.4142135623730951
1	2864	2865	2	50.53711507397311
2	2865	2866	2	32.01562118716424
3	2866	2867	2	73.7360156233031
4	2867	2868	2	89.69392398596462
5	2868	2869	2	85.61541917201598
6	2869	2870	2	87.46427842267951
7	2870	2871	2	68.41052550594829
8	2871	2872	2	21.213203435596427
9	2872	2873	2	1.0
1	2874	2875	2	90.91754506144565
2	2875	2876	2	91.59148432032315
3	2876	2877	2	7.810249675906654
4	2877	2878	2	1.0
1	2879	2880	1	87.86353054595519
2	2880	2881	1	85.70297544426332
3	2881	2882	1	76.02631123499285
4	2882	2883	1	1.0
1	2884	2885	2	24.186773244895647
2	2885	2886	2	61.68468205316454
3	2886	2887	2	48.91829923454004
4	2887	2888	2	1.4142135623730951
1	2889	2890	3	33.06055050963308
2	2890	2891	3	1.0
1	2892	2893	1	70.61161377563892
2	2893	2894	1	1.0
1	2895	2896	3	89.73850901368932
2	2896	2897	3	90.60905032059435
3	2897	2898	3	65.00769185258002
4	2898	2899	3	1.4142135623730951
1	2900	2901	1	88.28363381737297
2	2901	2902	1	30.083217912982647
3	2902	2903	1	1.4142135623730951
1	2904	2905	3	10.198039027185569
2	2905	2906	3	1.0
1	2907	2908	1	44.40720662234904
2	2908	2909	1	1.0
1	2910	2911	1	88.54377448471462
2	2911	2912	1	1.0
1	2913	2914	1	93.40770846134703
2	2914	2915	1	17.88854381999832
3	2915	2916	1	1.4142135623730951
1	2917	2918	2	82.29823813423954
2	2918	2919	2	96.04686356149273
3	2919	2920	2	6.082762530298219
4	2920	2921	2	1.0
1	2922	2923	2	60.30754513325841
2	2923	2924	2	1.0
1	2925	2926	1	97.12878049270464
2	2926	2927	1	92.9623579735368
3	2927	2928	1	5.830951894845301
4	2928	2929	1	1.0
1	2930	2931	2	96.87620966986684
2	2931	2932	2	37.48332962798263
3	2932	2933	2	1.4142135623730951
1	2934	2935	1	87.09190547921202
2	2935	2936	1	65.92419889539804
3	2936	2937	1	1.0
1	2938	2939	1	85.56284240252891
2	2939	2940	1	71.56116265125938
3	2940	2941	1	1.4142135623730951
1	2942	2943	2	88.05679985100527
2	2943	2944	2	64.76109943476871
3	2944	2945	2	17.4928556845359
4	2945	2946	2	91.44397191723465
5	2946	2947	2	27.65863337187866
6	2947	2948	2	1.0
1	2949	2950	3	89.56003573022959
2	2950	2951	3	1.4142135623730951
1	2952	2953	1	55.47071299343465
2	2953	2954	1	25.612496949731394
3	2954	2955	1	16.97056274847714
4	2955	2956	1	1.4142135623730951
1	2957	2958	1	23.194827009486403
2	2958	2959	1	1.0
1	2960	2961	2	95.42536350467836
2	2961	2962	2	58.728187440104094
3	2962	2963	2	1.0
1	2964	2965	3	90.13878188659973
2	2965	2966	3	92.02716990106781
3	2966	2967	3	3.1622776601683795
4	2967	2968	3	1.4142135623730951
1	2969	2970	1	18.867962264113206
2	2970	2971	1	30.610455730027933
3	2971	2972	1	41.400483088968905
4	2972	2973	1	1.4142135623730951
1	2974	2975	3	90.44335243676011
2	2975	2976	3	63.89053137985315
3	2976	2977	3	13.341664064126334
4	2977	2978	3	1.0
5	2978	2979	3	1.4142135623730951
1	2980	2981	4	26.1725046566048
2	2981	2982	4	1.4142135623730951
1	2983	2984	1	44.384682042344295
2	2984	2985	1	4.47213595499958
3	2985	2986	1	1.0
1	2987	2988	4	49.040799340956916
2	2988	2989	4	1.0
1	2990	2991	4	86.83317338436964
2	2991	2992	4	35.4400902933387
3	2992	2993	4	1.4142135623730951
1	2994	2995	4	64.28841264178172
2	2995	2996	4	1.0
1	2997	2998	4	49.09175083453431
2	2998	2999	4	1.4142135623730951
1	3000	3001	1	55.71355310873648
2	3001	3002	1	33.24154027718932
3	3002	3003	1	79.12016177940993
4	3003	3004	1	80.52328855678958
5	3004	3005	1	17.4928556845359
6	3005	3006	1	30.066592756745816
7	3006	3007	1	1.4142135623730951
1	3008	3009	1	81.15417426109393
2	3009	3010	1	80.8084154033477
3	3010	3011	1	91.02197536858887
4	3011	3012	1	90.08884503644167
5	3012	3013	1	91.09335870413386
6	3013	3014	1	31.76476034853718
7	3014	3015	1	1.0
1	3016	3017	1	94.36630754670864
2	3017	3018	1	85.492689745966
3	3018	3019	1	29.154759474226502
4	3019	3020	1	60.00833275470999
5	3020	3021	1	38.948684188300895
6	3021	3022	1	1.4142135623730951
1	3023	3024	2	82.56512580987206
2	3024	3025	2	87.36131867136622
3	3025	3026	2	74.06078584514209
4	3026	3027	2	88.56635930193812
5	3027	3028	2	72.91776189653656
6	3028	3029	2	1.0
1	3030	3031	2	4.0
2	3031	3032	2	1.0
1	3033	3034	4	93.29523031752481
2	3034	3035	4	52.49761899362675
3	3035	3036	4	1.0
1	3037	3038	1	14.142135623730951
2	3038	3039	1	76.23647421018367
3	3039	3040	1	87.36131867136622
4	3040	3041	1	27.018512172212592
5	3041	3042	1	3.1622776601683795
6	3042	3043	1	59.43904440685432
7	3043	3044	1	32.14031735997639
8	3044	3045	1	51.19570294468082
9	3045	3046	1	32.55764119219941
10	3046	3047	1	1.0
1	3048	3049	1	92.02173656261873
2	3049	3050	1	4.123105625617661
3	3050	3051	1	47.01063709417264
4	3051	3052	1	7.615773105863909
5	3052	3053	1	20.808652046684813
6	3053	3054	1	10.04987562112089
7	3054	3055	1	5.0990195135927845
8	3055	3056	1	22.47220505424423
9	3056	3057	1	1.0
1	3058	3059	2	90.97252332435328
2	3059	3060	2	94.02127418834527
3	3060	3061	2	90.62008607367353
4	3061	3062	2	90.52071586106685
5	3062	3063	2	20.396078054371138
6	3063	3064	2	2.23606797749979
7	3064	3065	2	1.4142135623730951
1	3066	3067	4	91.4166286842826
2	3067	3068	4	75.23961722390672
3	3068	3069	4	1.0
1	3070	3071	4	38.2099463490856
2	3071	3072	4	13.892443989449804
3	3072	3073	4	12.041594578792296
4	3073	3074	4	1.4142135623730951
1	3075	3076	5	57.723478758647246
2	3076	3077	5	1.0
1	3078	3079	5	85.7962703152066
2	3079	3080	5	52.773099207835045
3	3080	3081	5	1.4142135623730951
1	3082	3083	5	22.825424421026653
2	3083	3084	5	1.4142135623730951
1	3085	3086	1	35.73513677041127
2	3086	3087	1	30.23243291566195
3	3087	3088	1	1.0
1	3089	3090	1	86.12200647918046
2	3090	3091	1	87.23531395025755
3	3091	3092	1	66.09841147864296
4	3092	3093	1	1.4142135623730951
1	3094	3095	2	53.25410782277739
2	3095	3096	2	1.0
3	3096	3097	2	1.4142135623730951
1	3098	3099	1	87.29833904490967
2	3099	3100	1	82.29823813423954
3	3100	3101	1	19.1049731745428
4	3101	3102	1	63.28506932918696
5	3102	3103	1	92.0869154657707
6	3103	3104	1	93.08598175880189
7	3104	3105	1	5.0990195135927845
8	3105	3106	1	1.0
1	3107	3108	2	19.235384061671343
2	3108	3109	2	1.0
1	3110	3111	5	87.09190547921202
2	3111	3112	5	86.00581375697809
3	3112	3113	5	1.4142135623730951
1	3114	3115	1	9.433981132056603
2	3115	3116	1	18.027756377319946
3	3116	3117	1	1.0
1	3118	3119	1	2.8284271247461903
2	3119	3120	1	82.75868534480233
3	3120	3121	1	74.33034373659252
4	3121	3122	1	3.0
5	3122	3123	1	25.298221281347036
6	3123	3124	1	1.4142135623730951
1	3125	3126	2	60.07495318350236
2	3126	3127	2	12.529964086141668
3	3127	3128	2	83.67795408588812
4	3128	3129	2	64.38167441127949
5	3129	3130	2	1.4142135623730951
1	3131	3132	1	82.97590011563598
2	3132	3133	1	58.60034129593445
3	3133	3134	1	46.87216658103186
4	3134	3135	1	33.1058907144937
5	3135	3136	1	31.04834939252005
6	3136	3137	1	1.0
1	3138	3139	2	90.02777349240623
2	3139	3140	2	66.57326790837296
3	3140	3141	2	24.166091947189145
4	3141	3142	2	88.88756943465155
5	3142	3143	2	55.97320787662612
6	3143	3144	2	1.4142135623730951
1	3145	3146	1	48.16637831516918
2	3146	3147	1	1.0
1	3148	3149	1	35.90264614203248
2	3149	3150	1	52.40229002629561
3	3150	3151	1	54.589376255824725
4	3151	3152	1	1.0
1	3153	3154	1	92.89241088485109
2	3154	3155	1	63.631753079732135
3	3155	3156	1	1.4142135623730951
1	3157	3158	2	85.0
2	3158	3159	2	15.0
3	3159	3160	2	1.0
1	3161	3162	1	13.0
2	3162	3163	1	29.154759474226502
3	3163	3164	1	5.830951894845301
4	3164	3165	1	4.123105625617661
5	3165	3166	1	1.4142135623730951
1	3167	3168	2	47.51841748206689
2	3168	3169	2	46.09772228646444
3	3169	3170	2	35.6931365951495
4	3170	3171	2	1.4142135623730951
1	3172	3173	2	18.384776310850235
2	3173	3174	2	72.91776189653656
3	3174	3175	2	67.05221845696084
4	3175	3176	2	1.0
5	3176	3177	2	20.8806130178211
6	3177	3178	2	1.4142135623730951
1	3179	3180	3	90.87353850269065
2	3180	3181	3	46.389654018972806
3	3181	3182	3	1.0
1	3183	3184	5	91.0659101969557
2	3184	3185	5	25.0
3	3185	3186	5	1.0
1	3187	3188	5	82.15229759416349
2	3188	3189	5	1.0
1	3190	3191	1	82.96987405076617
2	3191	3192	1	5.0
3	3192	3193	1	1.4142135623730951
1	3194	3195	1	87.72684879784524
2	3195	3196	1	71.84705978674423
3	3196	3197	1	1.0
1	3198	3199	1	27.730849247724095
2	3199	3200	1	1.4142135623730951
1	3201	3202	2	67.97793759742936
2	3202	3203	2	1.0
1	3204	3205	2	25.80697580112788
2	3205	3206	2	1.4142135623730951
1	3207	3208	5	23.769728648009426
2	3208	3209	5	1.0
1	3210	3211	5	64.77653896280658
2	3211	3212	5	1.0
1	3213	3214	5	90.24965373894794
2	3214	3215	5	65.76473218982953
3	3215	3216	5	1.4142135623730951
1	3217	3218	1	84.07734534343957
2	3218	3219	1	11.180339887498949
3	3219	3220	1	37.33630940518894
4	3220	3221	1	1.0
1	3222	3223	5	65.86349520030045
2	3223	3224	5	1.0
1	3225	3226	5	1.4142135623730951
2	3226	3227	5	1.0
1	3228	3229	5	13.601470508735444
2	3229	3230	5	1.4142135623730951
1	3231	3232	1	25.612496949731394
2	3232	3233	1	62.93647591023825
3	3233	3234	1	79.20227269466452
4	3234	3235	1	7.280109889280518
5	3235	3236	1	85.47514258543241
6	3236	3237	1	82.07313811473277
7	3237	3238	1	43.840620433565945
8	3238	3239	1	51.61395160225576
9	3239	3240	1	91.48223871331527
10	3240	3241	1	90.47098982546837
11	3241	3242	1	15.033296378372908
12	3242	3243	1	1.4142135623730951
1	3244	3245	1	88.14193099768123
2	3245	3246	1	85.72630868059116
3	3246	3247	1	40.11234224026316
4	3247	3248	1	6.4031242374328485
5	3248	3249	1	1.0
1	3250	3251	1	91.43850392476902
2	3251	3252	1	10.04987562112089
3	3252	3253	1	1.0
1	3254	3255	1	89.69392398596462
2	3255	3256	1	63.631753079732135
3	3256	3257	1	1.0
1	3258	3259	2	47.853944456021594
2	3259	3260	2	1.4142135623730951
1	3261	3262	2	85.492689745966
2	3262	3263	2	3.0
3	3263	3264	2	86.31338250816034
4	3264	3265	2	8.06225774829855
5	3265	3266	2	1.4142135623730951
1	3267	3268	1	34.20526275297414
2	3268	3269	1	1.0
1	3270	3271	2	89.81091247727082
2	3271	3272	2	82.86132994346639
3	3272	3273	2	87.80091115700337
4	3273	3274	2	94.847245611035
5	3274	3275	2	53.41348144429457
6	3275	3276	2	1.0
1	3277	3278	2	79.71198153351854
2	3278	3279	2	1.0
1	3280	3281	5	57.42821606144492
2	3281	3282	5	1.4142135623730951
1	3283	3284	1	29.0
2	3284	3285	1	1.0
1	3286	3287	1	56.142675390472796
2	3287	3288	1	1.4142135623730951
1	3289	3290	2	94.08506789071261
2	3290	3291	2	85.0235261559999
3	3291	3292	2	1.0
1	3293	3294	5	89.9388681271896
2	3294	3295	5	90.21086409075129
3	3295	3296	5	48.83646178829912
4	3296	3297	5	1.4142135623730951
1	3298	3299	6	85.9127464349732
2	3299	3300	6	86.6083136886985
3	3300	3301	6	83.93449827097318
4	3301	3302	6	1.0
1	3303	3304	1	82.05485969764375
2	3304	3305	1	69.6419413859206
3	3305	3306	1	11.180339887498949
4	3306	3307	1	1.4142135623730951
1	3308	3309	6	86.45229898620394
2	3309	3310	6	4.47213595499958
3	3310	3311	6	1.0
1	3312	3313	6	89.62700485902673
2	3313	3314	6	91.2414379544733
3	3314	3315	6	70.66116330771806
4	3315	3316	6	1.4142135623730951
1	3317	3318	6	46.14108798023731
2	3318	3319	6	1.4142135623730951
1	3320	3321	1	89.47066558375433
2	3321	3322	1	42.5205832509386
3	3322	3323	1	1.4142135623730951
1	3324	3325	1	29.068883707497267
2	3325	3326	1	1.4142135623730951
1	3327	3328	1	71.56814934033156
2	3328	3329	1	1.4142135623730951
1	3330	3331	1	17.26267650163207
2	3331	3332	1	49.040799340956916
3	3332	3333	1	25.553864678361276
4	3333	3334	1	6.0
5	3334	3335	1	1.0
1	3336	3337	1	80.00624975587844
2	3337	3338	1	1.4142135623730951
1	3339	3340	2	50.99019513592785
2	3340	3341	2	1.0
1	3342	3343	2	77.10382610480494
2	3343	3344	2	1.0
1	3345	3346	1	84.64632301523794
2	3346	3347	1	64.13267497929586
3	3347	3348	1	1.4142135623730951
1	3349	3350	2	89.19641248391103
2	3350	3351	2	87.04596486914255
3	3351	3352	2	61.71709649683789
4	3352	3353	2	32.802438933713454
5	3353	3354	2	67.60177512462228
6	3354	3355	2	1.0
1	3356	3357	1	36.40054944640259
2	3357	3358	1	1.4142135623730951
1	3359	3360	2	46.32493928760188
2	3360	3361	2	1.0
1	3362	3363	2	86.09297300012354
2	3363	3364	2	32.57299494980466
3	3364	3365	2	1.0
1	3366	3367	2	94.14881836751856
2	3367	3368	2	90.09439494219383
3	3368	3369	2	4.47213595499958
4	3369	3370	2	1.0
1	3371	3372	6	11.313708498984761
2	3372	3373	6	1.4142135623730951
1	3374	3375	6	93.60555539069249
2	3375	3376	6	86.68333173107735
3	3376	3377	6	90.60905032059435
4	3377	3378	6	59.09314681077663
5	3378	3379	6	1.4142135623730951
1	3380	3381	6	6.708203932499369
2	3381	3382	6	13.038404810405298
3	3382	3383	6	1.4142135623730951
1	3384	3385	1	90.7358804442873
2	3385	3386	1	77.17512552629896
3	3386	3387	1	87.29833904490967
4	3387	3388	1	89.00561780022652
5	3388	3389	1	1.0
1	3390	3391	1	85.07055894961546
2	3391	3392	1	88.58893836140041
3	3392	3393	1	46.09772228646444
4	3393	3394	1	1.4142135623730951
1	3395	3396	2	52.49761899362675
2	3396	3397	2	1.0
1	3398	3399	6	66.91038783328041
2	3399	3400	6	1.0
1	3401	3402	1	93.23089616645332
2	3402	3403	1	87.32124598286491
3	3403	3404	1	1.0
1	3405	3406	1	45.17742799230607
2	3406	3407	1	1.4142135623730951
1	3408	3409	1	61.98386886924694
2	3409	3410	1	1.0
1	3411	3412	2	11.40175425099138
2	3412	3413	2	1.4142135623730951
1	3414	3415	1	64.47480127925948
2	3415	3416	1	1.4142135623730951
1	3417	3418	2	91.0
2	3418	3419	2	91.08786966440702
3	3419	3420	2	92.64987857520376
4	3420	3421	2	27.294688127912362
5	3421	3422	2	50.695167422546305
6	3422	3423	2	49.51767361255979
7	3423	3424	2	1.4142135623730951
1	3425	3426	1	82.0
2	3426	3427	1	47.75981574503821
3	3427	3428	1	41.10960958218893
4	3428	3429	1	37.013511046643494
5	3429	3430	1	42.01190307520001
6	3430	3431	1	1.0
1	3432	3433	2	92.41753080449618
2	3433	3434	2	79.84985911070852
3	3434	3435	2	80.09993757800315
4	3435	3436	2	1.4142135623730951
1	3437	3438	2	21.02379604162864
2	3438	3439	2	1.0
1	3440	3441	1	27.313000567495326
2	3441	3442	1	1.4142135623730951
1	3443	3444	1	84.8999411071645
2	3444	3445	1	88.09086218218096
3	3445	3446	1	75.53806987208503
4	3446	3447	1	1.4142135623730951
1	3448	3449	1	80.30566605165541
2	3449	3450	1	1.0
1	3451	3452	2	84.1486779456457
2	3452	3453	2	61.40032573203501
3	3453	3454	2	24.698178070456937
4	3454	3455	2	22.47220505424423
5	3455	3456	2	1.0
1	3457	3458	2	77.0
2	3458	3459	2	1.4142135623730951
1	3460	3461	1	39.56008088970496
2	3461	3462	1	50.00999900019995
3	3462	3463	1	81.04936767180853
4	3463	3464	1	1.0
1	3465	3466	2	20.518284528683193
2	3466	3467	2	57.55866572463264
3	3467	3468	2	7.810249675906654
4	3468	3469	2	4.0
5	3469	3470	2	22.47220505424423
6	3470	3471	2	56.0357029044876
7	3471	3472	2	29.068883707497267
8	3472	3473	2	1.4142135623730951
1	3474	3475	3	86.68333173107735
2	3475	3476	3	86.20904824900923
3	3476	3477	3	31.400636936215164
4	3477	3478	3	31.575306807693888
5	3478	3479	3	58.463663928973865
6	3479	3480	3	1.4142135623730951
1	3481	3482	6	67.00746227100382
2	3482	3483	6	1.0
1	3484	3485	6	95.13148795220224
2	3485	3486	6	62.369864518050704
3	3486	3487	6	1.0
1	3488	3489	6	8.94427190999916
2	3489	3490	6	1.4142135623730951
1	3491	3492	1	90.13878188659973
2	3492	3493	1	89.02246907382428
3	3493	3494	1	20.12461179749811
4	3494	3495	1	28.0178514522438
5	3495	3496	1	1.0
1	3497	3498	1	91.40021881811882
2	3498	3499	1	31.25699921617557
3	3499	3500	1	1.4142135623730951
1	3501	3502	2	37.0
2	3502	3503	2	2.0
3	3503	3504	2	1.0
1	3505	3506	6	47.29693436154187
2	3506	3507	6	1.0
1	3508	3509	1	85.42833253669417
2	3509	3510	1	81.58431221748455
3	3510	3511	1	27.784887978899608
4	3511	3512	1	45.803929962395145
5	3512	3513	1	1.4142135623730951
1	3514	3515	1	47.50789408087881
2	3515	3516	1	1.0
1	3517	3518	2	90.95603333479313
2	3518	3519	2	30.463092423455635
3	3519	3520	2	1.0
1	3521	3522	6	92.39588735436226
2	3522	3523	6	88.05679985100527
3	3523	3524	6	86.00581375697809
4	3524	3525	6	20.024984394500787
5	3525	3526	6	1.4142135623730951
1	3527	3528	1	88.0056816347672
2	3528	3529	1	88.20430828479978
3	3529	3530	1	95.13148795220224
4	3530	3531	1	66.48308055437865
5	3531	3532	1	19.0
6	3532	3533	1	89.44271909999159
7	3533	3534	1	81.27115109311545
8	3534	3535	1	87.70974860299168
9	3535	3536	1	89.80534505250787
10	3536	3537	1	31.144823004794873
11	3537	3538	1	1.0
1	3539	3540	1	44.553338819890925
2	3540	3541	1	1.0
1	3542	3543	1	8.06225774829855
2	3543	3544	1	79.62411694957753
3	3544	3545	1	90.09439494219383
4	3545	3546	1	31.016124838541646
5	3546	3547	1	9.848857801796104
6	3547	3548	1	40.049968789001575
7	3548	3549	1	12.083045973594572
8	3549	3550	1	53.600373133029585
9	3550	3551	1	28.319604517012593
10	3551	3552	1	5.385164807134504
11	3552	3553	1	7.211102550927978
12	3553	3554	1	1.0
13	3554	3555	1	1.4142135623730951
1	3556	3557	2	62.177166226839255
2	3557	3558	2	1.4142135623730951
1	3559	3560	2	40.44749683231337
2	3560	3561	2	1.0
1	3562	3563	6	89.87213138676528
2	3563	3564	6	12.041594578792296
3	3564	3565	6	1.4142135623730951
1	3566	3567	6	93.39164844888434
2	3567	3568	6	92.57429448826494
3	3568	3569	6	61.39218191268331
4	3569	3570	6	1.4142135623730951
1	3571	3572	1	91.35097153287424
2	3572	3573	1	74.0
3	3573	3574	1	4.123105625617661
4	3574	3575	1	2.23606797749979
5	3575	3576	1	6.4031242374328485
6	3576	3577	1	1.0
1	3578	3579	1	21.2602916254693
2	3579	3580	1	16.1245154965971
3	3580	3581	1	2.0
4	3581	3582	1	48.76474136094644
5	3582	3583	1	78.23042886243178
6	3583	3584	1	13.341664064126334
7	3584	3585	1	88.09086218218096
8	3585	3586	1	89.02246907382428
9	3586	3587	1	14.422205101855956
10	3587	3588	1	1.4142135623730951
1	3589	3590	2	53.85164807134504
2	3590	3591	2	1.0
1	3592	3593	6	90.60905032059435
2	3593	3594	6	52.009614495783374
3	3594	3595	6	1.4142135623730951
1	3596	3597	6	91.78235124467012
2	3597	3598	6	56.79788728465171
3	3598	3599	6	1.0
1	3600	3601	1	53.907327887774215
2	3601	3602	1	1.4142135623730951
1	3603	3604	1	89.81091247727082
2	3604	3605	1	12.36931687685298
3	3605	3606	1	68.8839603971781
4	3606	3607	1	87.70974860299168
5	3607	3608	1	61.61168720299745
6	3608	3609	1	1.4142135623730951
1	3610	3611	1	87.0976463516667
2	3611	3612	1	70.68238818828917
3	3612	3613	1	1.0
1	3614	3615	2	21.213203435596427
2	3615	3616	2	1.0
1	3617	3618	2	40.049968789001575
2	3618	3619	2	1.0
1	3620	3621	1	86.14522621712709
2	3621	3622	1	57.3149195236284
3	3622	3623	1	1.4142135623730951
1	3624	3625	2	88.29496021857646
2	3625	3626	2	62.48199740725323
3	3626	3627	2	1.0
1	3628	3629	1	84.17244204607586
2	3629	3630	1	48.76474136094644
3	3630	3631	1	1.4142135623730951
1	3632	3633	1	84.09518416651456
2	3633	3634	1	85.47514258543241
3	3634	3635	1	43.41658669218482
4	3635	3636	1	1.4142135623730951
1	3637	3638	2	60.90155991434045
2	3638	3639	2	1.4142135623730951
1	3640	3641	1	27.586228448267445
2	3641	3642	1	29.068883707497267
3	3642	3643	1	1.4142135623730951
1	3644	3645	2	20.615528128088304
2	3645	3646	2	1.4142135623730951
1	3647	3648	3	50.99019513592785
2	3648	3649	3	1.4142135623730951
1	3650	3651	6	9.219544457292887
2	3651	3652	6	1.4142135623730951
1	3653	3654	6	91.76055797563569
2	3654	3655	6	38.62641583165593
3	3655	3656	6	1.4142135623730951
1	3657	3658	6	4.242640687119285
2	3658	3659	6	1.0
1	3660	3661	1	9.433981132056603
2	3661	3662	1	72.83543093852057
3	3662	3663	1	93.1074647920348
4	3663	3664	1	83.86298349093002
5	3664	3665	1	56.71860364994893
6	3665	3666	1	1.0
1	3667	3668	6	23.323807579381203
2	3668	3669	6	1.4142135623730951
1	3670	3671	1	31.78049716414141
2	3671	3672	1	1.0
1	3673	3674	1	89.47066558375433
2	3674	3675	1	73.35529974037323
3	3675	3676	1	79.83107164506812
4	3676	3677	1	1.0
1	3678	3679	2	4.47213595499958
2	3679	3680	2	1.4142135623730951
1	3681	3682	1	93.26306878931231
2	3682	3683	1	87.66413177577246
3	3683	3684	1	39.0
4	3684	3685	1	1.0
1	3686	3687	2	14.560219778561036
2	3687	3688	2	44.94441010848846
3	3688	3689	2	1.0
1	3690	3691	6	91.2633551870629
2	3691	3692	6	92.11405973031478
3	3692	3693	6	89.80534505250787
4	3693	3694	6	80.52949770115296
5	3694	3695	6	1.0
1	3696	3697	6	86.33075929238663
2	3697	3698	6	91.28526715741155
3	3698	3699	6	61.554853586049575
4	3699	3700	6	1.0
1	3701	3702	6	31.906112267087632
2	3702	3703	6	36.24913792078372
3	3703	3704	6	24.186773244895647
4	3704	3705	6	26.92582403567252
5	3705	3706	6	1.0
1	3707	3708	6	50.24937810560445
2	3708	3709	6	1.4142135623730951
1	3710	3711	6	75.43208866258443
2	3711	3712	6	1.0
1	3713	3714	6	81.88406438373708
2	3714	3715	6	1.0
1	3716	3717	1	90.69729874698585
2	3717	3718	1	6.708203932499369
3	3718	3719	1	1.4142135623730951
1	3720	3721	1	91.54780172128658
2	3721	3722	1	91.26883367283708
3	3722	3723	1	12.806248474865697
4	3723	3724	1	1.4142135623730951
1	3725	3726	1	95.4829827770373
2	3726	3727	1	19.1049731745428
3	3727	3728	1	1.4142135623730951
1	3729	3730	2	79.90619500389191
2	3730	3731	2	1.0
1	3732	3733	2	77.79460135510689
2	3733	3734	2	29.068883707497267
3	3734	3735	2	1.4142135623730951
1	3736	3737	1	68.0
2	3737	3738	1	1.0
1	3739	3740	2	79.64923100695951
2	3740	3741	2	8.602325267042627
3	3741	3742	2	34.828149534535996
4	3742	3743	2	56.302753041036986
5	3743	3744	2	68.59300255857006
6	3744	3745	2	9.433981132056603
7	3745	3746	2	1.4142135623730951
1	3747	3748	6	20.615528128088304
2	3748	3749	6	1.0
1	3750	3751	1	85.0881895447306
2	3751	3752	1	83.00602387778854
3	3752	3753	1	88.48163651289458
4	3753	3754	1	54.230987451824994
5	3754	3755	1	18.973665961010276
6	3755	3756	1	66.0
7	3756	3757	1	6.4031242374328485
8	3757	3758	1	1.4142135623730951
1	3759	3760	6	79.39773296511683
2	3760	3761	6	87.5956619930462
3	3761	3762	6	69.26037828369117
4	3762	3763	6	1.0
1	3764	3765	6	84.38009243891595
2	3765	3766	6	93.60555539069249
3	3766	3767	6	95.75489543621255
4	3767	3768	6	6.082762530298219
5	3768	3769	6	1.0
1	3770	3771	6	90.60353193998566
2	3771	3772	6	82.76472678623425
3	3772	3773	6	83.45058418010026
4	3773	3774	6	57.38466694161429
5	3774	3775	6	89.10667763978185
6	3775	3776	6	89.81091247727082
7	3776	3777	6	40.792156108742276
8	3777	3778	6	37.8021163428716
9	3778	3779	6	1.4142135623730951
1	3780	3781	6	59.405386961116584
2	3781	3782	6	32.57299494980466
3	3782	3783	6	15.0
4	3783	3784	6	1.4142135623730951
1	3785	3786	1	78.56844150166147
2	3786	3787	1	1.4142135623730951
1	3788	3789	1	14.866068747318506
2	3789	3790	1	66.75327707311455
3	3790	3791	1	91.26883367283708
4	3791	3792	1	88.20430828479978
5	3792	3793	1	89.56003573022959
6	3793	3794	1	87.0
7	3794	3795	1	92.69843580125827
8	3795	3796	1	94.86832980505137
9	3796	3797	1	86.31338250816034
10	3797	3798	1	34.40930106817051
11	3798	3799	1	1.4142135623730951
1	3800	3801	1	89.37561188601732
2	3801	3802	1	87.68124086713189
3	3802	3803	1	87.66413177577246
4	3803	3804	1	1.4142135623730951
1	3805	3806	1	88.05112151472007
2	3806	3807	1	88.63972021616495
3	3807	3808	1	15.811388300841896
4	3808	3809	1	1.4142135623730951
1	3810	3811	1	20.0
2	3811	3812	1	67.11929677819934
3	3812	3813	1	26.92582403567252
4	3813	3814	1	1.4142135623730951
1	3815	3816	2	85.90692637965812
2	3816	3817	2	45.254833995939045
3	3817	3818	2	34.132096331752024
4	3818	3819	2	1.0
1	3820	3821	1	25.0
2	3821	3822	1	59.61543424315552
3	3822	3823	1	89.05054744357274
4	3823	3824	1	42.01190307520001
5	3824	3825	1	1.4142135623730951
1	3826	3827	2	37.0
2	3827	3828	2	1.4142135623730951
1	3829	3830	1	4.47213595499958
2	3830	3831	1	30.675723300355934
3	3831	3832	1	46.57252408878007
4	3832	3833	1	78.10249675906654
5	3833	3834	1	80.62257748298549
6	3834	3835	1	1.4142135623730951
1	3836	3837	2	41.23105625617661
2	3837	3838	2	1.0
1	3839	3840	2	51.92301994298868
2	3840	3841	2	1.0
1	3842	3843	2	39.824615503479755
2	3843	3844	2	1.0
1	3845	3846	2	86.03487664894976
2	3846	3847	2	26.627053911388696
3	3847	3848	2	1.4142135623730951
1	3849	3850	1	42.15447781671598
2	3850	3851	1	43.56604182158393
3	3851	3852	1	15.556349186104045
4	3852	3853	1	71.56814934033156
5	3853	3854	1	79.6994353806851
6	3854	3855	1	5.830951894845301
7	3855	3856	1	1.0
1	3857	3858	1	24.413111231467404
2	3858	3859	1	1.4142135623730951
1	3860	3861	2	10.816653826391969
2	3861	3862	2	1.0
1	3863	3864	3	61.91122676865643
2	3864	3865	3	1.4142135623730951
1	3866	3867	1	15.132745950421556
2	3867	3868	1	66.84309986827361
3	3868	3869	1	81.02468759581859
4	3869	3870	1	76.53757247260981
5	3870	3871	1	14.422205101855956
6	3871	3872	1	35.4682957019364
7	3872	3873	1	1.0
1	3874	3875	3	90.24965373894794
2	3875	3876	3	57.0087712549569
3	3876	3877	3	1.4142135623730951
1	3878	3879	1	80.36168241145776
2	3879	3880	1	56.568542494923804
3	3880	3881	1	1.0
1	3882	3883	3	22.47220505424423
2	3883	3884	3	65.76473218982953
3	3884	3885	3	3.605551275463989
4	3885	3886	3	1.4142135623730951
1	3887	3888	1	89.15716460273958
2	3888	3889	1	66.70832032063167
3	3889	3890	1	24.08318915758459
4	3890	3891	1	64.8459713474939
5	3891	3892	1	21.400934559032695
6	3892	3893	1	91.21951545584969
7	3893	3894	1	78.40918313565064
8	3894	3895	1	52.392747589718944
9	3895	3896	1	1.0
1	3897	3898	1	71.449282711585
2	3898	3899	1	1.0
1	3900	3901	1	92.9569792968769
2	3901	3902	1	86.33075929238663
3	3902	3903	1	80.05623023850174
4	3903	3904	1	30.4138126514911
5	3904	3905	1	1.4142135623730951
1	3906	3907	2	62.00806399170998
2	3907	3908	2	1.4142135623730951
1	3909	3910	2	37.21558813185679
2	3910	3911	2	1.4142135623730951
1	3912	3913	3	95.35197952848173
2	3913	3914	3	82.29823813423954
3	3914	3915	3	35.05709628591621
4	3915	3916	3	1.0
1	3917	3918	6	93.34880824091971
2	3918	3919	6	90.07774419910837
3	3919	3920	6	94.26027795418386
4	3920	3921	6	89.82204629154248
5	3921	3922	6	5.0
6	3922	3923	6	1.0
1	3924	3925	6	90.47098982546837
2	3925	3926	6	2.0
3	3926	3927	6	1.4142135623730951
1	3928	3929	6	67.53517601961218
2	3929	3930	6	1.0
1	3931	3932	6	83.00602387778854
2	3932	3933	6	7.0710678118654755
3	3933	3934	6	21.0
4	3934	3935	6	67.06713054842886
5	3935	3936	6	39.319206502675
