2207
RC_ID	RC_NDUSID	RC_NDDSID	RC_ORDER	RC_LENGTH
1	1	2	1	90.52071586106685
2	2	3	1	1.0
1	4	5	1	63.97655820689325
2	5	6	1	1.4142135623730951
1	7	8	2	130.01538370516005
2	8	9	2	1.4142135623730951
1	10	11	1	50.774009099144415
2	11	12	1	1.0
1	13	14	1	51.86520991955976
2	14	15	1	40.496913462633174
3	15	16	1	1.4142135623730951
1	17	18	2	212.46176126540982
2	18	19	2	1.0
1	20	21	1	26.92582403567252
2	21	22	1	1.0
1	23	24	1	14.422205101855956
2	24	25	1	36.87817782917155
3	25	26	1	1.4142135623730951
1	27	28	1	8.54400374531753
2	28	29	1	105.89145385724005
3	29	30	1	92.13576938409967
4	30	31	1	2.0
5	31	32	1	1.4142135623730951
1	33	34	1	91.02197536858887
2	34	35	1	1.0
1	36	37	2	163.3064603743526
2	37	38	2	1.0
1	39	40	2	101.31633629380802
2	40	41	2	1.0
1	42	43	1	72.69112738154499
2	43	44	1	113.77170122662314
3	44	45	1	1.4142135623730951
1	46	47	1	65.94694837519019
2	47	48	1	1.0
1	49	50	2	78.54934754662193
2	50	51	2	33.734255586866
3	51	52	2	1.0
1	53	54	3	15.033296378372908
2	54	55	3	1.4142135623730951
1	56	57	3	1.4142135623730951
1	58	59	3	38.600518131237564
2	59	60	3	77.46612162745726
3	60	61	3	162.49615380063616
4	61	62	3	1.0
1	63	64	1	106.10372283760829
2	64	65	1	1.4142135623730951
1	66	67	1	98.0612053770501
2	67	68	1	146.18481453283715
3	68	69	1	100.0199980003999
4	69	70	1	94.49338601193207
5	70	71	1	1.4142135623730951
1	72	73	1	49.8196748283246
2	73	74	1	126.66885963013956
3	74	75	1	1.0
1	76	77	1	13.416407864998739
2	77	78	1	45.18849411078001
3	78	79	1	28.0
4	79	80	1	15.297058540778355
5	80	81	1	99.32270636667126
6	81	82	1	67.47592163134935
7	82	83	1	16.15549442140351
8	83	84	1	1.4142135623730951
1	85	86	1	99.32270636667126
2	86	87	1	28.0178514522438
3	87	88	1	50.28916384272063
4	88	89	1	51.478150704935004
5	89	90	1	26.90724809414742
6	90	91	1	1.0
1	92	93	1	37.107950630558946
2	93	94	1	134.08206442324789
3	94	95	1	1.0
1	96	97	1	42.720018726587654
2	97	98	1	155.63097378092831
3	98	99	1	1.0
1	100	101	2	32.202484376209235
2	101	102	2	13.416407864998739
3	102	103	2	31.38470965295043
4	103	104	2	1.0
1	105	106	1	83.24061508662703
2	106	107	1	18.439088914585774
3	107	108	1	1.4142135623730951
1	109	110	2	18.35755975068582
2	110	111	2	1.0
1	112	113	1	26.40075756488817
2	113	114	1	11.313708498984761
3	114	115	1	97.83659846908007
4	115	116	1	1.4142135623730951
1	117	118	2	58.52349955359813
2	118	119	2	3.1622776601683795
3	119	120	2	6.324555320336759
4	120	121	2	77.00649323271382
5	121	122	2	1.4142135623730951
1	123	124	1	83.21658488546619
2	124	125	1	18.027756377319946
3	125	126	1	1.0
1	127	128	2	21.02379604162864
2	128	129	2	1.4142135623730951
1	130	131	1	53.08483775994799
2	131	132	1	1.0
1	133	134	2	25.019992006393608
2	134	135	2	22.20360331117452
3	135	136	2	34.48187929913333
4	136	137	2	1.4142135623730951
1	138	139	2	75.23961722390672
2	139	140	2	1.0
1	141	142	2	173.34935823359717
2	142	143	2	23.53720459187964
3	143	144	2	1.0
1	145	146	2	269.9425864883124
2	146	147	2	72.09022125087424
3	147	148	2	61.35144660071187
4	148	149	2	1.4142135623730951
1	150	151	1	187.2431574183687
2	151	152	1	131.88252348207476
3	152	153	1	1.0
1	154	155	2	37.44329045369811
2	155	156	2	1.0
1	157	158	2	15.811388300841896
2	158	159	2	54.405882034941776
3	159	160	2	5.830951894845301
4	160	161	2	1.0
1	162	163	1	140.57738082636197
2	163	164	1	8.06225774829855
3	164	165	1	13.0
4	165	166	1	168.04761230080004
5	166	167	1	32.89376840679705
6	167	168	1	34.66987164671943
7	168	169	1	1.0
1	170	171	1	48.373546489791295
2	171	172	1	1.0
1	173	174	2	153.6522046701576
2	174	175	2	1.0
1	176	177	1	134.61797799699713
2	177	178	1	20.024984394500787
3	178	179	1	1.4142135623730951
1	180	181	1	9.486832980505138
2	181	182	1	27.018512172212592
3	182	183	1	1.0
1	184	185	1	59.61543424315552
2	185	186	1	1.0
1	187	188	1	68.87670143089025
2	188	189	1	1.0
1	190	191	1	55.57877292636101
2	191	192	1	1.0
1	193	194	2	82.66196223173026
2	194	195	2	5.0990195135927845
3	195	196	2	58.89821729050889
4	196	197	2	1.4142135623730951
1	198	199	2	14.317821063276353
2	199	200	2	1.0
1	201	202	1	55.80322571321482
2	202	203	1	1.0
1	204	205	2	34.655446902326915
2	205	206	2	62.81719509815764
3	206	207	2	1.0
1	208	209	2	199.52944644838766
2	209	210	2	1.0
1	211	212	1	62.76941930590086
2	212	213	1	67.446274915669
3	213	214	1	1.0
1	215	216	2	122.98373876248843
2	216	217	2	42.95346318982906
3	217	218	2	1.0
1	219	220	2	93.53608929178085
2	220	221	2	56.32051136131489
3	221	222	2	47.38143096192854
4	222	223	2	1.0
1	224	225	1	38.48376280978771
2	225	226	1	20.808652046684813
3	226	227	1	217.68095920406083
4	227	228	1	1.4142135623730951
1	229	230	2	44.28317965096906
2	230	231	2	7.615773105863909
3	231	232	2	1.4142135623730951
1	233	234	1	222.81157959136684
2	234	235	1	1.4142135623730951
1	236	237	1	21.470910553583888
2	237	238	1	8.48528137423857
3	238	239	1	59.77457653551382
4	239	240	1	1.0
1	241	242	1	78.49203781276162
2	242	243	1	1.0
1	244	245	1	151.0132444522665
2	245	246	1	1.0
1	247	248	1	90.0
2	248	249	1	41.400483088968905
3	249	250	1	1.0
1	251	252	2	48.41487374764082
2	252	253	2	60.8276253029822
3	253	254	2	1.0
1	255	256	2	23.345235059857504
2	256	257	2	26.68332812825267
3	257	258	2	1.0
1	259	260	1	87.36704184073076
2	260	261	1	48.16637831516918
3	261	262	1	1.4142135623730951
1	263	264	2	95.1892851112981
2	264	265	2	85.44003745317531
3	265	266	2	1.0
1	267	268	1	73.68174807915459
2	268	269	1	1.4142135623730951
1	270	271	2	32.449961479175904
2	271	272	2	14.142135623730951
3	272	273	2	54.62600113499065
4	273	274	2	1.0
1	275	276	1	155.90060936378666
2	276	277	1	104.10091258005379
3	277	278	1	76.48529270389177
4	278	279	1	17.4928556845359
5	279	280	1	1.4142135623730951
1	281	282	1	63.12685640834652
2	282	283	1	13.892443989449804
3	283	284	1	19.235384061671343
4	284	285	1	32.55764119219941
5	285	286	1	1.0
1	287	288	1	89.06739021662193
2	288	289	1	1.4142135623730951
1	290	291	2	153.16984037335808
2	291	292	2	1.0
1	293	294	2	184.808008484481
2	294	295	2	42.44997055358225
3	295	296	2	1.0
1	297	298	3	139.30183056945089
2	298	299	3	1.4142135623730951
1	300	301	3	35.510561809129406
2	301	302	3	101.54801819828883
3	302	303	3	1.0
1	304	305	1	115.43396380615195
2	305	306	1	151.85519418182574
3	306	307	1	65.29931086925804
4	307	308	1	34.20526275297414
5	308	309	1	1.0
1	310	311	1	32.64965543462902
2	311	312	1	75.71657678474378
3	312	313	1	1.4142135623730951
1	314	315	2	15.556349186104045
2	315	316	2	1.4142135623730951
1	317	318	3	148.4082207965583
2	318	319	3	1.4142135623730951
1	320	321	1	42.95346318982906
2	321	322	1	1.0
1	323	324	3	141.315250415516
2	324	325	3	1.0
1	326	327	3	203.39370688396434
2	327	328	3	47.01063709417264
3	328	329	3	85.492689745966
4	329	330	3	79.1012010022604
5	330	331	3	1.4142135623730951
1	332	333	1	68.15423684555495
2	333	334	1	1.0
1	335	336	1	32.57299494980466
2	336	337	1	75.92759709091287
3	337	338	1	1.0
1	339	340	1	11.661903789690601
2	340	341	1	3.605551275463989
3	341	342	1	16.97056274847714
4	342	343	1	72.11102550927978
5	343	344	1	186.78329689776868
6	344	345	1	1.0
1	346	347	1	181.6865432551349
2	347	348	1	1.0
1	349	350	1	26.92582403567252
2	350	351	1	194.4659353203023
3	351	352	1	32.202484376209235
4	352	353	1	1.0
1	354	355	1	149.93665329064805
2	355	356	1	133.98880550254935
3	356	357	1	7.211102550927978
4	357	358	1	13.45362404707371
5	358	359	1	19.6468827043885
6	359	360	1	3.0
7	360	361	1	16.97056274847714
8	361	362	1	1.4142135623730951
1	363	364	2	56.302753041036986
2	364	365	2	129.76902558006668
3	365	366	2	1.4142135623730951
1	367	368	2	50.0
2	368	369	2	109.65856099730654
3	369	370	2	1.0
1	371	372	1	84.72307831990054
2	372	373	1	1.4142135623730951
1	374	375	2	67.1863081289633
2	375	376	2	1.4142135623730951
1	377	378	1	32.2490309931942
2	378	379	1	1.4142135623730951
1	380	381	1	34.52535300326414
2	381	382	1	1.0
1	383	384	1	165.60495161679194
2	384	385	1	86.28441342444185
3	385	386	1	69.46221994724903
4	386	387	1	3.605551275463989
5	387	388	1	28.319604517012593
6	388	389	1	1.0
7	389	390	1	1.4142135623730951
1	391	392	2	115.8792474949678
2	392	393	2	1.0
1	394	395	1	179.0111728356641
2	395	396	1	1.4142135623730951
1	397	398	2	5.0990195135927845
2	398	399	2	1.0
1	400	401	2	115.10864433221339
2	401	402	2	1.0
1	403	404	1	42.579337712087536
2	404	405	1	1.0
1	406	407	1	142.772546380598
2	407	408	1	1.0
1	409	410	1	39.698866482558415
2	410	411	1	43.965895873961216
3	411	412	1	1.4142135623730951
1	413	414	1	29.0
2	414	415	1	1.0
1	416	417	1	193.96133635340834
2	417	418	1	76.48529270389177
3	418	419	1	1.4142135623730951
1	420	421	2	19.849433241279208
2	421	422	2	146.696966567138
3	422	423	2	1.0
1	424	425	1	47.095647357266465
2	425	426	1	47.53945729601885
3	426	427	1	13.416407864998739
4	427	428	1	30.4138126514911
5	428	429	1	1.0
1	430	431	1	33.734255586866
2	431	432	1	64.28841264178172
3	432	433	1	152.10851389715174
4	433	434	1	1.0
1	435	436	1	39.20459156782532
2	436	437	1	96.18731725128839
3	437	438	1	1.4142135623730951
1	439	440	1	133.9328189802634
2	440	441	1	98.49365461794989
3	441	442	1	1.4142135623730951
1	443	444	1	176.23847480048164
2	444	445	1	1.0
1	446	447	2	148.39474384222643
2	447	448	2	1.0
1	449	450	1	140.03570973148243
2	450	451	1	1.0
1	452	453	1	28.0178514522438
2	453	454	1	19.72308292331602
3	454	455	1	80.32434251209281
4	455	456	1	21.18962010041709
5	456	457	1	1.0
1	458	459	1	22.02271554554524
2	459	460	1	153.20900756809309
3	460	461	1	1.4142135623730951
1	462	463	1	79.00632886041473
2	463	464	1	1.0
1	465	466	1	84.52810183601665
2	466	467	1	1.0
1	468	469	1	22.02271554554524
2	469	470	1	1.4142135623730951
1	471	472	2	101.53324578678651
2	472	473	2	1.0
1	474	475	2	55.226805085936306
2	475	476	2	1.0
1	477	478	2	68.9492567037528
2	478	479	2	1.0
1	480	481	1	149.56603892595405
2	481	482	1	6.0
3	482	483	1	1.0
1	484	485	2	29.0
2	485	486	2	58.180752831155424
3	486	487	2	1.4142135623730951
1	488	489	2	137.26616480400406
2	489	490	2	1.0
1	491	492	1	54.644304369257
2	492	493	1	5.0990195135927845
3	493	494	1	7.211102550927978
4	494	495	1	55.362442142665635
5	495	496	1	1.4142135623730951
1	497	498	2	53.665631459994955
2	498	499	2	1.4142135623730951
1	500	501	2	229.82819670353766
2	501	502	2	1.4142135623730951
1	503	504	3	79.19595949289332
2	504	505	3	1.4142135623730951
1	506	507	1	200.08498194517247
2	507	508	1	21.37755832643195
3	508	509	1	106.88779163215975
4	509	510	1	63.50590523722971
5	510	511	1	1.0
1	512	513	1	222.4275162833951
2	513	514	1	20.248456731316587
3	514	515	1	1.4142135623730951
1	516	517	2	215.2881789602021
2	517	518	2	1.4142135623730951
1	519	520	1	210.6418761785035
2	520	521	1	1.0
1	522	523	2	19.6468827043885
2	523	524	2	1.0
1	525	526	3	81.46778504415104
2	526	527	3	1.4142135623730951
1	528	529	1	96.38464608017192
2	529	530	1	12.529964086141668
3	530	531	1	1.0
1	532	533	3	73.24616030891995
2	533	534	3	1.0
1	535	536	3	88.09086218218096
2	536	537	3	1.4142135623730951
1	538	539	1	202.03960007879644
2	539	540	1	32.14031735997639
3	540	541	1	1.0
1	542	543	1	26.419689627245813
2	543	544	1	28.42534080710379
3	544	545	1	27.459060435491963
4	545	546	1	1.0
1	547	548	2	61.814237842102365
2	548	549	2	47.095647357266465
3	549	550	2	1.0
1	551	552	3	9.219544457292887
2	552	553	3	1.4142135623730951
1	554	555	3	125.09996003196804
2	555	556	3	1.0
1	557	558	1	25.019992006393608
2	558	559	1	1.4142135623730951
1	560	561	3	118.18629362155326
2	561	562	3	1.0
1	563	564	1	176.63804799646084
2	564	565	1	1.0
1	566	567	3	143.12232530251876
2	567	568	3	1.4142135623730951
1	569	570	3	56.0
2	570	571	3	1.0
1	572	573	1	50.80354318352215
2	573	574	1	6.082762530298219
3	574	575	1	1.4142135623730951
1	576	577	3	96.21330469326995
2	577	578	3	1.0
1	579	580	3	99.15644204992432
2	580	581	3	30.4138126514911
3	581	582	3	10.0
4	582	583	3	1.0
1	584	585	3	268.1734513332742
2	585	586	3	1.0
1	587	588	1	161.72198366332265
2	588	589	1	1.0
1	590	591	3	87.6184911990614
2	591	592	3	1.0
1	593	594	3	16.97056274847714
2	594	595	3	224.5551157288562
3	595	596	3	1.4142135623730951
1	597	598	1	105.152270541344
2	598	599	1	37.64306044943742
3	599	600	1	1.4142135623730951
1	601	602	1	138.92443989449805
2	602	603	1	2.0
3	603	604	1	182.49657531033287
4	604	605	1	83.23460818673925
5	605	606	1	64.51356446515724
6	606	607	1	191.049731745428
7	607	608	1	92.30926280715278
8	608	609	1	1.0
1	610	611	2	66.70832032063167
2	611	612	2	1.4142135623730951
1	613	614	3	15.033296378372908
2	614	615	3	2.0
3	615	616	3	15.524174696260024
4	616	617	3	1.0
1	618	619	1	29.614185789921695
2	619	620	1	1.4142135623730951
1	621	622	1	65.96969000988257
2	622	623	1	29.614185789921695
3	623	624	1	2.23606797749979
4	624	625	1	1.0
1	626	627	1	6.4031242374328485
2	627	628	1	9.219544457292887
3	628	629	1	70.22819946431775
4	629	630	1	1.4142135623730951
1	631	632	2	40.311288741492746
2	632	633	2	60.876925020897694
3	633	634	2	1.0
1	635	636	2	27.51363298439521
2	636	637	2	47.07440918375928
3	637	638	2	48.33218389437829
4	638	639	2	13.152946437965905
5	639	640	2	1.0
1	641	642	1	65.96969000988257
2	642	643	1	1.0
1	644	645	2	74.54528824815154
2	645	646	2	206.2862089428181
3	646	647	2	1.4142135623730951
1	648	649	1	120.3536455617361
2	649	650	1	1.0
1	651	652	1	328.0243893371345
2	652	653	1	195.0102561405425
3	653	654	1	1.4142135623730951
1	655	656	2	44.654227123532216
2	656	657	2	1.0
1	658	659	3	330.55256768024054
2	659	660	3	32.64965543462902
3	660	661	3	46.87216658103186
4	661	662	3	1.0
1	663	664	1	44.28317965096906
2	664	665	1	33.734255586866
3	665	666	1	1.0
1	667	668	1	118.59595271340417
2	668	669	1	1.4142135623730951
1	670	671	1	31.0
2	671	672	1	1.4142135623730951
1	673	674	1	70.03570517957252
2	674	675	1	76.48529270389177
3	675	676	1	1.0
1	677	678	2	69.65629906907199
2	678	679	2	31.89043743820395
3	679	680	2	118.80235687897779
4	680	681	2	20.09975124224178
5	681	682	2	1.0
1	683	684	1	96.56603957913983
2	684	685	1	1.4142135623730951
1	686	687	1	115.00434774390054
2	687	688	1	1.0
1	689	690	2	39.05124837953327
2	690	691	2	1.4142135623730951
1	692	693	3	103.24727599312246
2	693	694	3	59.0
3	694	695	3	63.06346010171025
4	695	696	3	103.40696301506973
5	696	697	3	1.4142135623730951
1	698	699	1	163.27277789025334
2	699	700	1	1.4142135623730951
1	701	702	1	143.20963654726592
2	702	703	1	29.206163733020468
3	703	704	1	1.4142135623730951
1	705	706	2	4.0
2	706	707	2	1.4142135623730951
1	708	709	1	46.87216658103186
2	709	710	1	31.78049716414141
3	710	711	1	127.01181047445942
4	711	712	1	1.0
1	713	714	1	22.80350850198276
2	714	715	1	35.17101079013795
3	715	716	1	1.4142135623730951
1	717	718	2	53.23532661682466
2	718	719	2	1.0
1	720	721	3	213.37759957408838
2	721	722	3	2.23606797749979
3	722	723	3	1.0
1	724	725	1	82.29823813423954
2	725	726	1	1.0
1	727	728	1	157.69590990257166
2	728	729	1	110.3177229641729
3	729	730	1	1.0
1	731	732	1	10.198039027185569
2	732	733	1	162.48384535085327
3	733	734	1	1.0
1	735	736	1	163.36768346279504
2	736	737	1	1.4142135623730951
1	738	739	1	168.21712160181556
2	739	740	1	1.0
1	741	742	2	181.22361876973983
2	742	743	2	1.0
1	744	745	2	121.51131634543344
2	745	746	2	1.0
1	747	748	1	80.06247560499239
2	748	749	1	43.829214001622255
3	749	750	1	4.0
4	750	751	1	208.60728654579637
5	751	752	1	80.80222769206304
6	752	753	1	29.68164415931166
7	753	754	1	1.4142135623730951
1	755	756	2	14.035668847618199
2	756	757	2	1.4142135623730951
1	758	759	2	10.770329614269007
2	759	760	2	1.0
1	761	762	1	234.2007685726074
2	762	763	1	1.0
1	764	765	2	5.0
2	765	766	2	1.4142135623730951
1	767	768	2	307.2930197710322
2	768	769	2	1.4142135623730951
1	770	771	1	35.17101079013795
2	771	772	1	1.0
1	773	774	1	35.84689665786984
2	774	775	1	84.81155581640984
3	775	776	1	5.0
4	776	777	1	1.0
1	778	779	2	44.77722635447622
2	779	780	2	1.0
1	781	782	1	314.10189429546585
2	782	783	1	1.4142135623730951
1	784	785	2	2.23606797749979
2	785	786	2	18.110770276274835
3	786	787	2	1.0
1	788	789	1	233.2659426491574
2	789	790	1	1.0
1	791	792	1	221.68671588527806
2	792	793	1	1.4142135623730951
1	794	795	2	189.12958520548815
2	795	796	2	1.0
1	797	798	1	20.8806130178211
2	798	799	1	1.4142135623730951
1	800	801	2	69.06518659932803
2	801	802	2	1.0
1	803	804	3	4.47213595499958
2	804	805	3	93.86160024205851
3	805	806	3	1.0
1	807	808	1	124.88794977899188
2	808	809	1	198.6454127333425
3	809	810	1	1.4142135623730951
4	810	811	1	1.4142135623730951
1	812	813	3	71.00704190430693
2	813	814	3	181.8350901228913
3	814	815	3	46.52956049652737
4	815	816	3	161.23585209251695
5	816	817	3	1.4142135623730951
1	818	819	1	184.43969204051496
2	819	820	1	1.0
1	821	822	1	40.311288741492746
2	822	823	1	1.0
1	824	825	1	43.68065933568311
2	825	826	1	1.4142135623730951
1	827	828	2	302.0546308203203
2	828	829	2	1.4142135623730951
1	830	831	2	114.73883387938018
2	831	832	2	1.0
1	833	834	1	214.5809870421888
2	834	835	1	1.4142135623730951
1	836	837	2	141.03900169811186
2	837	838	2	1.0
1	839	840	3	27.313000567495326
2	840	841	3	1.0
1	842	843	3	53.03772242470448
2	843	844	3	1.4142135623730951
1	845	846	1	50.47771785649585
2	846	847	1	1.0
1	848	849	3	43.41658669218482
2	849	850	3	136.517398158623
3	850	851	3	1.4142135623730951
1	852	853	4	30.4138126514911
2	853	854	4	68.4470598345904
3	854	855	4	1.0
1	856	857	1	89.30845424706443
2	857	858	1	1.4142135623730951
1	859	860	1	35.35533905932738
2	860	861	1	1.0
1	862	863	2	16.492422502470642
2	863	864	2	1.4142135623730951
1	865	866	4	60.40695324215582
2	866	867	4	1.4142135623730951
1	868	869	1	30.0
2	869	870	1	173.83325343558406
3	870	871	1	64.00781202322104
4	871	872	1	1.4142135623730951
1	873	874	4	34.713109915419565
2	874	875	4	1.4142135623730951
1	876	877	1	6.324555320336759
2	877	878	1	23.345235059857504
3	878	879	1	203.19448811422026
4	879	880	1	63.50590523722971
5	880	881	1	1.0
1	882	883	4	110.3177229641729
2	883	884	4	1.0
1	885	886	1	82.66196223173026
2	886	887	1	5.0990195135927845
3	887	888	1	1.0
1	889	890	4	227.7981562699751
2	890	891	4	1.0
1	892	893	4	88.56635930193812
2	893	894	4	2.0
3	894	895	4	36.6742416417845
4	895	896	4	1.4142135623730951
1	897	898	4	349.4252423623685
2	898	899	4	1.4142135623730951
1	900	901	1	15.620499351813308
2	901	902	1	59.033888572581766
3	902	903	1	80.8084154033477
4	903	904	1	138.63621460498698
5	904	905	1	1.4142135623730951
1	906	907	1	108.2081327812286
2	907	908	1	1.4142135623730951
1	909	910	1	183.7879212570837
2	910	911	1	1.0
1	912	913	2	65.49045732013177
2	913	914	2	271.0608787708031
3	914	915	2	68.42514157822401
4	915	916	2	1.0
1	917	918	1	82.22530024268686
2	918	919	1	1.0
1	920	921	1	91.98369420718001
2	921	922	1	1.4142135623730951
1	923	924	1	334.2110111890391
2	924	925	1	11.661903789690601
3	925	926	1	1.0
4	926	927	1	1.0
1	928	929	2	47.16990566028302
2	929	930	2	1.4142135623730951
1	931	932	1	162.2374802565671
2	932	933	1	1.0
1	934	935	2	1.4142135623730951
2	935	936	2	1.4142135623730951
1	937	938	1	76.02631123499285
2	938	939	1	1.4142135623730951
1	940	941	1	201.5589243868899
2	941	942	1	152.43359209832983
3	942	943	1	285.3506614676055
4	943	944	1	1.0
1	945	946	2	93.50935782048768
2	946	947	2	1.4142135623730951
1	948	949	3	33.61547262794322
2	949	950	3	1.4142135623730951
1	951	952	1	105.20931517693668
2	952	953	1	5.0990195135927845
3	953	954	1	29.274562336608895
4	954	955	1	1.4142135623730951
1	956	957	1	50.32891812864648
2	957	958	1	1.0
1	959	960	1	50.99019513592785
2	960	961	1	13.892443989449804
3	961	962	1	8.06225774829855
4	962	963	1	1.4142135623730951
1	964	965	2	166.04818577750254
2	965	966	2	157.58172482873766
3	966	967	2	39.824615503479755
4	967	968	2	1.0
1	969	970	1	6.4031242374328485
2	970	971	1	158.00316452527144
3	971	972	1	186.30351580150065
4	972	973	1	30.886890422961002
5	973	974	1	1.4142135623730951
1	975	976	2	46.486557196677836
2	976	977	2	1.0
1	978	979	1	109.85900054160332
2	979	980	1	29.410882339705484
3	980	981	1	156.02884348735012
4	981	982	1	1.4142135623730951
1	983	984	2	55.036351623268054
2	984	985	2	73.49829930005184
3	985	986	2	119.57006314291216
4	986	987	2	1.4142135623730951
1	988	989	1	60.00833275470999
2	989	990	1	1.4142135623730951
1	991	992	1	2.23606797749979
2	992	993	1	21.93171219946131
3	993	994	1	69.8927750200262
4	994	995	1	104.1393297462587
5	995	996	1	11.40175425099138
6	996	997	1	1.4142135623730951
1	998	999	1	217.51781536232843
2	999	1000	1	1.0
1	1001	1002	1	17.204650534085253
2	1002	1003	1	52.3450093132096
3	1003	1004	1	92.41753080449618
4	1004	1005	1	34.9857113690718
5	1005	1006	1	2.23606797749979
6	1006	1007	1	1.4142135623730951
1	1008	1009	2	308.162294903189
2	1009	1010	2	16.55294535724685
3	1010	1011	2	137.05838172107534
4	1011	1012	2	12.0
5	1012	1013	2	37.44329045369811
6	1013	1014	2	32.802438933713454
7	1014	1015	2	1.4142135623730951
1	1016	1017	1	14.0
2	1017	1018	1	21.93171219946131
3	1018	1019	1	1.0
1	1020	1021	1	166.43617395265971
2	1021	1022	1	1.0
1	1023	1024	2	150.136604464068
2	1024	1025	2	100.07996802557443
3	1025	1026	2	25.612496949731394
4	1026	1027	2	4.47213595499958
5	1027	1028	2	42.485291572496
6	1028	1029	2	21.02379604162864
7	1029	1030	2	50.35871324805669
8	1030	1031	2	15.652475842498529
9	1031	1032	2	1.0
1	1033	1034	3	131.86735759845953
2	1034	1035	3	82.29823813423954
3	1035	1036	3	1.4142135623730951
1	1037	1038	1	350.77058029430003
2	1038	1039	1	67.26812023536856
3	1039	1040	1	1.0
1	1041	1042	1	69.65629906907199
2	1042	1043	1	1.4142135623730951
1	1044	1045	1	23.194827009486403
2	1045	1046	1	1.0
1	1047	1048	2	336.2157045707413
2	1048	1049	2	77.20103626247513
3	1049	1050	2	43.32435804486894
4	1050	1051	2	33.83784863137726
5	1051	1052	2	1.0
1	1053	1054	1	226.01991062736045
2	1054	1055	1	1.0
1	1056	1057	1	23.853720883753127
2	1057	1058	1	1.0
1	1059	1060	1	40.80441152620633
2	1060	1061	1	69.63476143421474
3	1061	1062	1	5.0
4	1062	1063	1	1.4142135623730951
1	1064	1065	1	81.39410298049853
2	1065	1066	1	4.0
3	1066	1067	1	7.0710678118654755
4	1067	1068	1	1.0
1	1069	1070	2	74.51845409024533
2	1070	1071	2	62.625873247404705
3	1071	1072	2	1.0
1	1073	1074	1	6.4031242374328485
2	1074	1075	1	68.5054742338158
3	1075	1076	1	1.0
1	1077	1078	1	126.43575443678897
2	1078	1079	1	15.811388300841896
3	1079	1080	1	1.4142135623730951
1	1081	1082	1	291.8098696069069
2	1082	1083	1	1.0
1	1084	1085	2	70.26378868236469
2	1085	1086	2	1.4142135623730951
1	1087	1088	2	77.82030583337487
2	1088	1089	2	158.47397262642215
3	1089	1090	2	1.0
1	1091	1092	1	48.83646178829912
2	1092	1093	1	1.4142135623730951
1	1094	1095	1	48.33218389437829
2	1095	1096	1	57.271284253105414
3	1096	1097	1	1.0
1	1098	1099	1	47.51841748206689
2	1099	1100	1	1.0
1	1101	1102	1	49.39635614091387
2	1102	1103	1	1.4142135623730951
1	1104	1105	2	44.77722635447622
2	1105	1106	2	36.87817782917155
3	1106	1107	2	42.20189569201838
4	1107	1108	2	107.0
5	1108	1109	2	1.4142135623730951
1	1110	1111	2	157.54681843820268
2	1111	1112	2	35.35533905932738
3	1112	1113	2	1.0
1	1114	1115	2	45.60701700396552
2	1115	1116	2	96.87620966986684
3	1116	1117	2	98.49365461794989
4	1117	1118	2	1.4142135623730951
1	1119	1120	1	74.24957912338628
2	1120	1121	1	1.0
1	1122	1123	1	25.079872407968907
2	1123	1124	1	1.4142135623730951
1	1125	1126	2	61.61168720299745
2	1126	1127	2	62.00806399170998
3	1127	1128	2	19.72308292331602
4	1128	1129	2	200.8830505542964
5	1129	1130	2	23.021728866442675
6	1130	1131	2	1.4142135623730951
1	1132	1133	1	209.69024774652732
2	1133	1134	1	17.46424919657298
3	1134	1135	1	1.4142135623730951
1	1136	1137	1	22.360679774997898
2	1137	1138	1	1.4142135623730951
1	1139	1140	1	96.56603957913983
2	1140	1141	1	1.0
1	1142	1143	1	74.33034373659252
2	1143	1144	1	1.0
1	1145	1146	1	89.15716460273958
2	1146	1147	1	30.886890422961002
3	1147	1148	1	1.4142135623730951
1	1149	1150	2	31.89043743820395
2	1150	1151	2	2.8284271247461903
3	1151	1152	2	1.0
1	1153	1154	1	200.2023975880409
2	1154	1155	1	1.0
1	1156	1157	2	129.87686476043376
2	1157	1158	2	1.4142135623730951
1	1159	1160	2	60.440052945046304
2	1160	1161	2	1.4142135623730951
1	1162	1163	2	62.81719509815764
2	1163	1164	2	1.0
1	1165	1166	1	55.362442142665635
2	1166	1167	1	18.027756377319946
3	1167	1168	1	19.235384061671343
4	1168	1169	1	135.5949851580065
5	1169	1170	1	1.4142135623730951
1	1171	1172	1	31.240998703626616
2	1172	1173	1	8.48528137423857
3	1173	1174	1	1.4142135623730951
1	1175	1176	1	59.841457201508724
2	1176	1177	1	24.08318915758459
3	1177	1178	1	7.0
4	1178	1179	1	1.0
1	1180	1181	2	22.135943621178654
2	1181	1182	2	163.3064603743526
3	1182	1183	2	1.0
1	1184	1185	1	61.40032573203501
2	1185	1186	1	1.4142135623730951
1	1187	1188	1	29.732137494637012
2	1188	1189	1	12.165525060596439
3	1189	1190	1	15.231546211727817
4	1190	1191	1	109.71326264403953
5	1191	1192	1	145.03103116229988
6	1192	1193	1	137.2953021774598
7	1193	1194	1	1.0
1	1195	1196	2	3.0
2	1196	1197	2	1.4142135623730951
1	1198	1199	1	203.03940504246953
2	1199	1200	1	12.041594578792296
3	1200	1201	1	1.4142135623730951
1	1202	1203	1	104.92378186092989
2	1203	1204	1	41.048751503547585
3	1204	1205	1	1.0
1	1206	1207	2	77.25283166331187
2	1207	1208	2	74.33034373659252
3	1208	1209	2	1.0
1	1210	1211	3	70.178344238091
2	1211	1212	3	45.617978911828175
3	1212	1213	3	53.14132102234569
4	1213	1214	3	1.0
1	1215	1216	1	113.50770898930169
2	1216	1217	1	1.4142135623730951
1	1218	1219	3	30.4138126514911
2	1219	1220	3	1.0
1	1221	1222	1	76.10519036176179
2	1222	1223	1	65.00769185258002
3	1223	1224	1	1.4142135623730951
1	1225	1226	3	126.75172582651489
2	1226	1227	3	1.4142135623730951
1	1228	1229	1	32.802438933713454
2	1229	1230	1	60.8276253029822
3	1230	1231	1	1.0
1	1232	1233	3	25.059928172283335
2	1233	1234	3	1.4142135623730951
1	1235	1236	3	161.9783936208777
2	1236	1237	3	29.832867780352597
3	1237	1238	3	1.0
1	1239	1240	3	108.11567878897121
2	1240	1241	3	87.64131445842195
3	1241	1242	3	1.4142135623730951
1	1243	1244	1	73.68174807915459
2	1244	1245	1	199.5419755339713
3	1245	1246	1	1.0
1	1247	1248	3	79.51100552753688
2	1248	1249	3	1.0
1	1250	1251	1	64.0
2	1251	1252	1	15.231546211727817
3	1252	1253	1	1.0
4	1253	1254	1	1.4142135623730951
1	1255	1256	3	48.41487374764082
2	1256	1257	3	74.94664769020693
3	1257	1258	3	1.0
1	1259	1260	1	197.18519214180358
2	1260	1261	1	67.60177512462228
3	1261	1262	1	1.0
1	1263	1264	3	22.80350850198276
2	1264	1265	3	1.4142135623730951
1	1266	1267	1	134.17153200288055
2	1267	1268	1	33.24154027718932
3	1268	1269	1	6.4031242374328485
4	1269	1270	1	94.02127418834527
5	1270	1271	1	1.0
1	1272	1273	3	280.713376952364
2	1273	1274	3	1.0
1	1275	1276	3	44.181444068749045
2	1276	1277	3	1.4142135623730951
1	1278	1279	1	202.07424378183381
2	1279	1280	1	1.0
1	1281	1282	3	227.00220263248548
2	1282	1283	3	1.4142135623730951
1	1284	1285	1	96.08329719571451
2	1285	1286	1	53.23532661682466
3	1286	1287	1	1.0
1	1288	1289	3	105.55093557141026
2	1289	1290	3	1.0
1	1291	1292	3	30.083217912982647
2	1292	1293	3	1.4142135623730951
1	1294	1295	3	213.75921032788273
2	1295	1296	3	1.4142135623730951
1	1297	1298	1	85.98255637046388
2	1298	1299	1	70.7248188403477
3	1299	1300	1	1.0
1	1301	1302	3	49.47726750741192
2	1302	1303	3	1.0
1	1304	1305	3	67.4166151627327
2	1305	1306	3	1.0
1	1307	1308	3	13.892443989449804
2	1308	1309	3	1.0
1	1310	1311	3	226.11943746613204
2	1311	1312	3	1.4142135623730951
1	1313	1314	1	93.94147114027967
2	1314	1315	1	1.0
1	1316	1317	3	30.4138126514911
2	1317	1318	3	1.4142135623730951
1	1319	1320	3	66.06814663663572
2	1320	1321	3	1.4142135623730951
1	1322	1323	1	18.384776310850235
2	1323	1324	1	44.0
3	1324	1325	1	1.0
1	1326	1327	3	30.0
2	1327	1328	3	1.4142135623730951
1	1329	1330	3	309.5238278388273
2	1330	1331	3	2.0
3	1331	1332	3	1.0
1	1333	1334	3	39.56008088970496
2	1334	1335	3	1.0
1	1336	1337	3	157.87653403846943
2	1337	1338	3	1.0
1	1339	1340	4	126.19429464123962
2	1340	1341	4	1.4142135623730951
1	1342	1343	1	2.0
2	1343	1344	1	110.11357772772621
3	1344	1345	1	43.266615305567875
4	1345	1346	1	1.4142135623730951
1	1347	1348	1	45.0
2	1348	1349	1	1.0
1	1350	1351	1	72.71863585079137
2	1351	1352	1	90.24965373894794
3	1352	1353	1	1.0
1	1354	1355	1	93.5200513259055
2	1355	1356	1	1.4142135623730951
1	1357	1358	2	21.213203435596427
2	1358	1359	2	1.4142135623730951
1	1360	1361	2	129.0658746532173
2	1361	1362	2	56.43580423808985
3	1362	1363	2	1.0
1	1364	1365	2	221.472345903501
2	1365	1366	2	9.899494936611665
3	1366	1367	2	1.4142135623730951
1	1368	1369	1	68.3593446428504
2	1369	1370	1	1.4142135623730951
1	1371	1372	1	107.70793842609746
2	1372	1373	1	1.0
1	1374	1375	2	235.17015116719213
2	1375	1376	2	1.0
1	1377	1378	3	75.39230729988306
2	1378	1379	3	1.0
1	1380	1381	1	78.03204469959762
2	1381	1382	1	145.0
3	1382	1383	1	13.416407864998739
4	1383	1384	1	1.4142135623730951
1	1385	1386	3	80.36168241145776
2	1386	1387	3	1.4142135623730951
1	1388	1389	1	267.0524293093025
2	1389	1390	1	57.97413216254298
3	1390	1391	1	21.213203435596427
4	1391	1392	1	3.0
5	1392	1393	1	1.0
1	1394	1395	3	27.294688127912362
2	1395	1396	3	1.0
1	1397	1398	1	25.298221281347036
2	1398	1399	1	1.4142135623730951
1	1400	1401	3	308.76852171165376
2	1401	1402	3	1.4142135623730951
1	1403	1404	1	34.785054261852174
2	1404	1405	1	144.69968901141425
3	1405	1406	1	16.15549442140351
4	1406	1407	1	1.0
1	1408	1409	3	200.24984394500785
2	1409	1410	3	1.4142135623730951
1	1411	1412	1	82.87339742040264
2	1412	1413	1	1.0
1	1414	1415	1	54.037024344425184
2	1415	1416	1	111.5212984142491
3	1416	1417	1	1.4142135623730951
1	1418	1419	2	137.93114224133723
2	1419	1420	2	55.44366510251645
3	1420	1421	2	18.0
4	1421	1422	2	37.107950630558946
5	1422	1423	2	1.4142135623730951
1	1424	1425	1	66.94027188471824
2	1425	1426	1	1.4142135623730951
1	1427	1428	1	37.8549864614954
2	1428	1429	1	60.41522986797286
3	1429	1430	1	1.0
1	1431	1432	2	146.77874505527018
2	1432	1433	2	1.4142135623730951
1	1434	1435	1	50.566787519082126
2	1435	1436	1	137.53544997563355
3	1436	1437	1	1.4142135623730951
1	1438	1439	2	203.55343278854326
2	1439	1440	2	1.0
1	1441	1442	3	117.64352935882194
2	1442	1443	3	1.0
1	1444	1445	4	51.03920062069938
2	1445	1446	4	1.0
1	1447	1448	5	1.0
1	1449	1450	5	167.28717822953436
2	1450	1451	5	1.0
1	1452	1453	1	60.03332407921454
2	1453	1454	1	89.88882021697692
3	1454	1455	1	99.4786409235671
4	1455	1456	1	1.0
1	1457	1458	5	60.74537019394976
2	1458	1459	5	1.0
1	1460	1461	1	173.3666634621547
2	1461	1462	1	1.4142135623730951
1	1463	1464	5	1.4142135623730951
2	1464	1465	5	1.0
1	1466	1467	5	179.62182495454164
2	1467	1468	5	1.4142135623730951
1	1469	1470	1	29.017236257093817
2	1470	1471	1	1.0
1	1472	1473	1	52.773099207835045
2	1473	1474	1	1.0
3	1474	1475	1	133.79461872586654
4	1475	1476	1	1.4142135623730951
1	1477	1478	2	13.038404810405298
2	1478	1479	2	1.0
1	1480	1481	5	43.86342439892262
2	1481	1482	5	1.0
1	1483	1484	5	101.24228365658294
2	1484	1485	5	117.38824472663352
3	1485	1486	5	1.0
1	1487	1488	5	87.09190547921202
2	1488	1489	5	108.57716150277645
3	1489	1490	5	1.4142135623730951
1	1491	1492	1	168.35973390332975
2	1492	1493	1	1.0
1	1494	1495	5	35.73513677041127
2	1495	1496	5	1.0
1	1497	1498	1	21.470910553583888
2	1498	1499	1	22.847319317591726
3	1499	1500	1	1.0
4	1500	1501	1	1.4142135623730951
1	1502	1503	1	62.39390995922599
2	1503	1504	1	1.0
1	1505	1506	2	51.15662224971465
2	1506	1507	2	68.00735254367721
3	1507	1508	2	1.0
1	1509	1510	1	199.0628041598932
2	1510	1511	1	9.219544457292887
3	1511	1512	1	1.0
1	1513	1514	1	26.68332812825267
2	1514	1515	1	208.40585404445815
3	1515	1516	1	1.4142135623730951
1	1517	1518	1	50.774009099144415
2	1518	1519	1	1.4142135623730951
1	1520	1521	2	28.071337695236398
2	1521	1522	2	20.0
3	1522	1523	2	140.45995870709916
4	1523	1524	2	1.4142135623730951
1	1525	1526	1	23.853720883753127
2	1526	1527	1	214.75800334329801
3	1527	1528	1	1.0
1	1529	1530	1	12.206555615733702
2	1530	1531	1	22.20360331117452
3	1531	1532	1	1.4142135623730951
1	1533	1534	1	36.40054944640259
2	1534	1535	1	1.4142135623730951
1	1536	1537	1	108.93117092916977
2	1537	1538	1	1.4142135623730951
1	1539	1540	2	122.5275479229059
2	1540	1541	2	86.28441342444185
3	1541	1542	2	1.0
4	1542	1543	2	108.15729286552988
5	1543	1544	2	1.0
1	1545	1546	1	69.6419413859206
2	1546	1547	1	162.8066337714775
3	1547	1548	1	12.806248474865697
4	1548	1549	1	53.23532661682466
5	1549	1550	1	2.8284271247461903
6	1550	1551	1	44.9221548904324
7	1551	1552	1	52.03844732503075
8	1552	1553	1	77.10382610480494
9	1553	1554	1	1.4142135623730951
1	1555	1556	1	24.351591323771842
2	1556	1557	1	1.0
1	1558	1559	1	204.02205763103166
2	1559	1560	1	1.4142135623730951
1	1561	1562	1	58.60034129593445
2	1562	1563	1	1.4142135623730951
1	1564	1565	1	24.73863375370596
2	1565	1566	1	1.4142135623730951
1	1567	1568	2	317.40352865083275
2	1568	1569	2	15.033296378372908
3	1569	1570	2	1.4142135623730951
1	1571	1572	1	27.51363298439521
2	1572	1573	1	1.4142135623730951
1	1574	1575	1	391.2505591050318
2	1575	1576	1	51.264022471905186
3	1576	1577	1	34.539832078341085
4	1577	1578	1	1.0
1	1579	1580	2	21.02379604162864
2	1580	1581	2	1.4142135623730951
1	1582	1583	1	70.7248188403477
2	1583	1584	1	1.4142135623730951
1	1585	1586	1	246.94128856876083
2	1586	1587	1	1.4142135623730951
1	1588	1589	1	75.0066663703967
2	1589	1590	1	1.0
1	1591	1592	1	41.7612260356422
2	1592	1593	1	1.0
1	1594	1595	1	141.7391971192161
2	1595	1596	1	214.26385602802915
3	1596	1597	1	58.7962583843564
4	1597	1598	1	144.62710672622887
5	1598	1599	1	69.40461079784254
6	1599	1600	1	1.0
1	1601	1602	1	26.076809620810597
2	1602	1603	1	1.4142135623730951
1	1604	1605	2	104.63746938836012
2	1605	1606	2	1.4142135623730951
1	1607	1608	2	54.20332093147061
2	1608	1609	2	1.0
1	1610	1611	1	98.85848471426213
2	1611	1612	1	1.4142135623730951
1	1613	1614	2	60.41522986797286
2	1614	1615	2	77.00649323271382
3	1615	1616	2	2.23606797749979
4	1616	1617	2	1.0
1	1618	1619	2	148.00337833982033
2	1619	1620	2	1.4142135623730951
1	1621	1622	2	42.1070065428546
2	1622	1623	2	1.0
1	1624	1625	1	3.0
2	1625	1626	1	67.23094525588644
3	1626	1627	1	46.04345773288535
4	1627	1628	1	104.35037134576953
5	1628	1629	1	105.11898020814318
6	1629	1630	1	1.4142135623730951
1	1631	1632	2	35.05709628591621
2	1632	1633	2	1.0
1	1634	1635	1	81.39410298049853
2	1635	1636	1	1.0
1	1637	1638	1	45.79301256742124
2	1638	1639	1	1.0
1	1640	1641	1	17.0
2	1641	1642	1	11.180339887498949
3	1642	1643	1	42.2965719651132
4	1643	1644	1	1.0
1	1645	1646	1	3.605551275463989
2	1646	1647	1	51.61395160225576
3	1647	1648	1	89.05054744357274
4	1648	1649	1	1.0
1	1650	1651	1	38.3275357934736
2	1651	1652	1	1.0
3	1652	1653	1	1.4142135623730951
1	1654	1655	1	56.142675390472796
2	1655	1656	1	1.4142135623730951
1	1657	1658	2	15.0
2	1658	1659	2	1.4142135623730951
1	1660	1661	1	121.80722474467596
2	1661	1662	1	1.0
1	1663	1664	1	6.4031242374328485
2	1664	1665	1	4.123105625617661
3	1665	1666	1	66.48308055437865
4	1666	1667	1	42.04759208325728
5	1667	1668	1	85.9127464349732
6	1668	1669	1	1.4142135623730951
1	1670	1671	1	173.18487231857176
2	1671	1672	1	1.0
1	1673	1674	2	114.97825881443848
2	1674	1675	2	1.4142135623730951
1	1676	1677	2	105.41821474489122
2	1677	1678	2	1.0
1	1679	1680	3	28.178005607210743
2	1680	1681	3	5.830951894845301
3	1681	1682	3	95.50916186418976
4	1682	1683	3	1.4142135623730951
1	1684	1685	1	78.77182237323191
2	1685	1686	1	1.0
1	1687	1688	3	17.11724276862369
2	1688	1689	3	1.0
1	1690	1691	1	216.390850083824
2	1691	1692	1	47.16990566028302
3	1692	1693	1	1.0
1	1694	1695	3	100.0
2	1695	1696	3	1.0
1	1697	1698	1	87.84645695758026
2	1698	1699	1	1.0
3	1699	1700	1	1.0
1	1701	1702	1	8.94427190999916
2	1702	1703	1	21.095023109728988
3	1703	1704	1	22.80350850198276
4	1704	1705	1	103.00485425454472
5	1705	1706	1	1.0
1	1707	1708	1	59.43904440685432
2	1708	1709	1	1.4142135623730951
1	1710	1711	1	8.94427190999916
2	1711	1712	1	34.36568055487916
3	1712	1713	1	1.0
1	1714	1715	1	71.58910531638176
2	1715	1716	1	1.4142135623730951
1	1717	1718	2	163.0828010551695
2	1718	1719	2	1.0
1	1720	1721	1	43.18564576337837
2	1721	1722	1	89.96110270555825
3	1722	1723	1	1.4142135623730951
1	1724	1725	2	10.04987562112089
2	1725	1726	2	1.0
1	1727	1728	2	117.72000679578642
2	1728	1729	2	1.4142135623730951
1	1730	1731	2	50.039984012787215
2	1731	1732	2	1.0
1	1733	1734	1	30.066592756745816
2	1734	1735	1	1.0
1	1736	1737	2	51.85556864985669
2	1737	1738	2	146.75149062275312
3	1738	1739	2	1.4142135623730951
1	1740	1741	1	69.26037828369117
2	1741	1742	1	22.847319317591726
3	1742	1743	1	15.0
4	1743	1744	1	1.0
1	1745	1746	1	306.78983033992506
2	1746	1747	1	1.4142135623730951
1	1748	1749	1	114.28035701729323
2	1749	1750	1	1.0
1	1751	1752	1	24.413111231467404
2	1752	1753	1	79.64923100695951
3	1753	1754	1	1.4142135623730951
1	1755	1756	2	156.97452022541748
2	1756	1757	2	1.0
1	1758	1759	2	38.118237105091836
2	1759	1760	2	1.0
1	1761	1762	1	26.92582403567252
2	1762	1763	1	100.46392387319938
3	1763	1764	1	64.8459713474939
4	1764	1765	1	1.4142135623730951
1	1766	1767	2	6.4031242374328485
2	1767	1768	2	1.4142135623730951
1	1769	1770	2	46.647615158762406
2	1770	1771	2	164.20109622045769
3	1771	1772	2	112.0
4	1772	1773	2	19.209372712298546
5	1773	1774	2	3.605551275463989
6	1774	1775	2	1.4142135623730951
1	1776	1777	1	88.3911760301898
2	1777	1778	1	220.4654167891191
3	1778	1779	1	1.4142135623730951
1	1780	1781	1	28.071337695236398
2	1781	1782	1	2.0
3	1782	1783	1	25.179356624028344
4	1783	1784	1	1.0
1	1785	1786	2	20.615528128088304
2	1786	1787	2	1.0
1	1788	1789	3	22.561028345356956
2	1789	1790	3	135.83077707206124
3	1790	1791	3	1.0
1	1792	1793	1	100.17983829094555
2	1793	1794	1	1.0
1	1795	1796	3	22.02271554554524
2	1796	1797	3	13.92838827718412
3	1797	1798	3	79.17701686727027
4	1798	1799	3	1.4142135623730951
1	1800	1801	3	36.345563690772494
2	1801	1802	3	1.0
1	1803	1804	1	46.52956049652737
2	1804	1805	1	78.10889834071403
3	1805	1806	1	1.0
1	1807	1808	3	147.80054127099805
2	1808	1809	3	1.4142135623730951
1	1810	1811	1	29.427877939124322
2	1811	1812	1	48.08326112068523
3	1812	1813	1	1.4142135623730951
1	1814	1815	3	81.74350127074322
2	1815	1816	3	1.4142135623730951
1	1817	1818	3	121.33424908079334
2	1818	1819	3	1.0
1	1820	1821	4	32.2490309931942
2	1821	1822	4	1.4142135623730951
1	1823	1824	4	31.144823004794873
2	1824	1825	4	178.19090885900997
3	1825	1826	4	1.4142135623730951
1	1827	1828	4	87.69264507357501
2	1828	1829	4	1.4142135623730951
1	1830	1831	1	53.81449618829484
2	1831	1832	1	1.0
1	1833	1834	1	54.00925846556311
2	1834	1835	1	1.4142135623730951
1	1836	1837	1	45.221676218380054
2	1837	1838	1	19.849433241279208
3	1838	1839	1	46.22769732530488
4	1839	1840	1	51.088159097779204
5	1840	1841	1	1.0
1	1842	1843	1	102.39628899525607
2	1843	1844	1	2.8284271247461903
3	1844	1845	1	4.0
4	1845	1846	1	1.0
1	1847	1848	1	34.655446902326915
2	1848	1849	1	48.82622246293481
3	1849	1850	1	18.384776310850235
4	1850	1851	1	37.589892258425
5	1851	1852	1	1.4142135623730951
1	1853	1854	2	27.459060435491963
2	1854	1855	2	68.62215385719105
3	1855	1856	2	1.4142135623730951
1	1857	1858	1	109.11003620199197
2	1858	1859	1	13.152946437965905
3	1859	1860	1	9.486832980505138
4	1860	1861	1	56.00892785976178
5	1861	1862	1	1.0
1	1863	1864	1	36.76955262170047
2	1864	1865	1	1.0
1	1866	1867	1	106.04244433244644
2	1867	1868	1	20.808652046684813
3	1868	1869	1	1.0
1	1870	1871	1	45.0111097397076
2	1871	1872	1	152.43359209832983
3	1872	1873	1	1.4142135623730951
1	1874	1875	2	71.78439941937245
2	1875	1876	2	31.78049716414141
3	1876	1877	2	20.248456731316587
4	1877	1878	2	84.29116205154607
5	1878	1879	2	1.0
1	1880	1881	1	119.61605243444544
2	1881	1882	1	76.92203845452875
3	1882	1883	1	1.4142135623730951
1	1884	1885	1	89.02246907382428
2	1885	1886	1	1.0
1	1887	1888	2	82.68010643437755
2	1888	1889	2	1.4142135623730951
1	1890	1891	1	81.30190649671138
2	1891	1892	1	1.0
1	1893	1894	2	292.04280508172087
2	1894	1895	2	58.215118311311535
3	1895	1896	2	37.656340767525464
4	1896	1897	2	1.0
1	1898	1899	4	99.72462083156798
2	1899	1900	4	1.4142135623730951
1	1901	1902	1	148.27339613025663
2	1902	1903	1	1.0
1	1904	1905	4	25.0
2	1905	1906	4	1.0
1	1907	1908	4	28.284271247461902
2	1908	1909	4	1.4142135623730951
1	1910	1911	4	35.35533905932738
2	1911	1912	4	1.0
1	1913	1914	1	11.313708498984761
2	1914	1915	1	306.4718584144391
3	1915	1916	1	1.4142135623730951
1	1917	1918	4	200.9975124224178
2	1918	1919	4	1.0
1	1920	1921	4	239.83536019528063
2	1921	1922	4	1.0
1	1923	1924	1	310.7426588030681
2	1924	1925	1	17.88854381999832
3	1925	1926	1	1.4142135623730951
1	1927	1928	4	27.65863337187866
2	1928	1929	4	8.602325267042627
3	1929	1930	4	1.0
1	1931	1932	4	17.69180601295413
2	1932	1933	4	1.4142135623730951
1	1934	1935	1	240.30397416605493
2	1935	1936	1	1.0
1	1937	1938	1	36.05551275463989
2	1938	1939	1	25.0
3	1939	1940	1	56.61271941887264
4	1940	1941	1	62.81719509815764
5	1941	1942	1	54.12947441089743
6	1942	1943	1	1.4142135623730951
1	1944	1945	2	173.34935823359717
2	1945	1946	2	1.0
1	1947	1948	4	68.96375859826666
2	1948	1949	4	1.0
1	1950	1951	4	199.16073910286636
2	1951	1952	4	1.4142135623730951
1	1953	1954	4	76.92203845452875
2	1954	1955	4	1.0
1	1956	1957	5	52.3450093132096
2	1957	1958	5	1.0
1	1959	1960	5	89.56003573022959
2	1960	1961	5	1.4142135623730951
1	1962	1963	1	42.579337712087536
2	1963	1964	1	54.037024344425184
3	1964	1965	1	1.4142135623730951
1	1966	1967	1	94.92101980067429
2	1967	1968	1	229.0349318335524
3	1968	1969	1	59.405386961116584
4	1969	1970	1	1.4142135623730951
1	1971	1972	2	133.27040181525678
2	1972	1973	2	16.64331697709324
3	1973	1974	2	1.0
1	1975	1976	5	119.54915307102765
2	1976	1977	5	1.4142135623730951
1	1978	1979	1	87.0976463516667
2	1979	1980	1	1.4142135623730951
1	1981	1982	1	289.62389404191083
2	1982	1983	1	1.4142135623730951
1	1984	1985	2	38.27531841800928
2	1985	1986	2	1.0
1	1987	1988	5	54.62600113499065
2	1988	1989	5	1.0
3	1989	1990	5	1.0
1	1991	1992	5	8.246211251235321
2	1992	1993	5	94.26027795418386
3	1993	1994	5	1.0
1	1995	1996	5	101.9803902718557
2	1996	1997	5	1.4142135623730951
1	1998	1999	5	109.63576058932597
2	1999	2000	5	1.4142135623730951
1	2001	2002	1	29.546573405388315
2	2002	2003	1	18.439088914585774
3	2003	2004	1	25.238858928247925
4	2004	2005	1	1.4142135623730951
1	2006	2007	1	51.19570294468082
2	2007	2008	1	5.0990195135927845
3	2008	2009	1	1.4142135623730951
1	2010	2011	1	110.86027241532469
2	2011	2012	1	2.23606797749979
3	2012	2013	1	1.4142135623730951
1	2014	2015	2	91.7877987534291
2	2015	2016	2	1.4142135623730951
1	2017	2018	2	29.832867780352597
2	2018	2019	2	1.0
1	2020	2021	5	65.73431371817918
2	2021	2022	5	1.0
1	2023	2024	5	105.30432089900205
2	2024	2025	5	1.0
1	2026	2027	5	49.4064773081425
2	2027	2028	5	1.0
1	2029	2030	1	38.600518131237564
2	2030	2031	1	1.4142135623730951
1	2032	2033	5	164.30459518832697
2	2033	2034	5	1.4142135623730951
1	2035	2036	5	178.7568180517879
2	2036	2037	5	1.4142135623730951
1	2038	2039	5	34.17601498127012
2	2039	2040	5	1.4142135623730951
1	2041	2042	1	11.180339887498949
2	2042	2043	1	8.602325267042627
3	2043	2044	1	181.12150617748296
4	2044	2045	1	1.0
1	2046	2047	1	27.202941017470888
2	2047	2048	1	39.56008088970496
3	2048	2049	1	1.4142135623730951
1	2050	2051	2	5.385164807134504
2	2051	2052	2	233.8567937862828
3	2052	2053	2	1.0
1	2054	2055	1	65.49045732013177
2	2055	2056	1	1.4142135623730951
1	2057	2058	2	104.69479452198185
2	2058	2059	2	1.0
1	2060	2061	5	89.02246907382428
2	2061	2062	5	1.0
1	2063	2064	1	76.10519036176179
2	2064	2065	1	25.317977802344327
3	2065	2066	1	10.0
4	2066	2067	1	1.0
1	2068	2069	1	83.35466393669883
2	2069	2070	1	43.86342439892262
3	2070	2071	1	3.605551275463989
4	2071	2072	1	1.4142135623730951
1	2073	2074	1	64.89992295835181
2	2074	2075	1	26.627053911388696
3	2075	2076	1	60.30754513325841
4	2076	2077	1	1.4142135623730951
1	2078	2079	2	66.70832032063167
2	2079	2080	2	1.4142135623730951
1	2081	2082	1	196.468827043885
2	2082	2083	1	33.54101966249684
3	2083	2084	1	119.07980517283357
4	2084	2085	1	26.92582403567252
5	2085	2086	1	25.96150997149434
6	2086	2087	1	230.46257830719503
7	2087	2088	1	1.0
1	2089	2090	1	70.9365914038728
2	2090	2091	1	1.4142135623730951
1	2092	2093	1	174.24408167854654
2	2093	2094	1	1.4142135623730951
1	2095	2096	1	34.713109915419565
2	2096	2097	1	55.86591089385369
3	2097	2098	1	1.0
1	2099	2100	1	19.697715603592208
2	2100	2101	1	24.08318915758459
3	2101	2102	1	1.4142135623730951
1	2103	2104	2	40.792156108742276
2	2104	2105	2	161.83942659315127
3	2105	2106	2	85.14693182963201
4	2106	2107	2	1.0
1	2108	2109	2	54.037024344425184
2	2109	2110	2	1.4142135623730951
1	2111	2112	1	39.56008088970496
2	2112	2113	1	1.4142135623730951
1	2114	2115	1	224.64416306683776
2	2115	2116	1	1.0
1	2117	2118	2	102.41581909060729
2	2118	2119	2	77.82030583337487
3	2119	2120	2	1.4142135623730951
1	2121	2122	1	18.35755975068582
2	2122	2123	1	82.60750571225353
3	2123	2124	1	1.0
1	2125	2126	2	3.1622776601683795
2	2126	2127	2	8.246211251235321
3	2127	2128	2	53.53503525729669
4	2128	2129	2	1.4142135623730951
1	2130	2131	1	30.463092423455635
2	2131	2132	1	84.90583018850944
3	2132	2133	1	1.4142135623730951
1	2134	2135	1	153.3101431738944
2	2135	2136	1	15.811388300841896
3	2136	2137	1	1.0
1	2138	2139	1	250.3197954617253
2	2139	2140	1	1.0
1	2141	2142	1	287.9600666759195
2	2142	2143	1	30.01666203960727
3	2143	2144	1	1.4142135623730951
1	2145	2146	2	3.605551275463989
2	2146	2147	2	1.4142135623730951
1	2148	2149	1	23.53720459187964
2	2149	2150	1	1.0
1	2151	2152	2	74.73285756613352
2	2152	2153	2	8.06225774829855
3	2153	2154	2	1.4142135623730951
1	2155	2156	2	145.0
2	2156	2157	2	1.0
1	2158	2159	2	66.27216610312357
2	2159	2160	2	1.0
1	2161	2162	1	52.03844732503075
2	2162	2163	1	277.8920653779089
3	2163	2164	1	1.4142135623730951
1	2165	2166	1	22.20360331117452
2	2166	2167	1	2.0
3	2167	2168	1	231.01947969814148
4	2168	2169	1	1.0
1	2170	2171	2	71.11258679024411
2	2171	2172	2	10.63014581273465
3	2172	2173	2	1.4142135623730951
1	2174	2175	3	123.0447073221762
2	2175	2176	3	1.0
3	2176	2177	3	220.14540649307222
4	2177	2178	3	24.0
5	2178	2179	3	1.0
1	2180	2181	3	96.51942809610924
2	2181	2182	3	1.0
1	2183	2184	3	244.60784942433878
2	2184	2185	3	1.0
1	2186	2187	1	266.6552080871476
2	2187	2188	1	1.0
1	2189	2190	1	75.29276193632427
2	2190	2191	1	73.16419889536138
3	2191	2192	1	1.0
1	2193	2194	1	232.42202993692314
2	2194	2195	1	1.0
1	2196	2197	1	91.23595782365635
2	2197	2198	1	1.4142135623730951
1	2199	2200	2	60.41522986797286
2	2200	2201	2	1.4142135623730951
1	2202	2203	2	50.53711507397311
2	2203	2204	2	280.49420671379295
3	2204	2205	2	153.26447729333762
4	2205	2206	2	21.213203435596427
5	2206	2207	2	1.0
1	2208	2209	2	186.81541692269406
2	2209	2210	2	1.0
1	2211	2212	1	246.00203251192866
2	2212	2213	1	1.0
1	2214	2215	2	24.186773244895647
2	2215	2216	2	106.3296760081587
3	2216	2217	2	1.4142135623730951
1	2218	2219	3	33.06055050963308
2	2219	2220	3	1.0
1	2221	2222	1	70.61161377563892
2	2222	2223	1	1.0
1	2224	2225	3	243.97745797511703
2	2225	2226	3	1.4142135623730951
1	2227	2228	1	117.90250209389112
2	2228	2229	1	1.4142135623730951
1	2230	2231	3	10.198039027185569
2	2231	2232	3	1.0
1	2233	2234	1	44.40720662234904
2	2234	2235	1	1.0
1	2236	2237	1	88.54377448471462
2	2237	2238	1	1.0
1	2239	2240	1	111.01801655587259
2	2240	2241	1	1.4142135623730951
1	2242	2243	2	179.96944185055418
2	2243	2244	2	1.0
1	2245	2246	2	60.30754513325841
2	2246	2247	2	1.0
1	2248	2249	1	194.87944991712183
2	2249	2250	1	1.0
1	2251	2252	2	134.35028842544403
2	2252	2253	2	1.4142135623730951
1	2254	2255	1	152.73833834371774
2	2255	2256	1	1.0
1	2257	2258	1	156.33937443907084
2	2258	2259	1	1.4142135623730951
1	2260	2261	2	152.80052355931247
2	2261	2262	2	133.5402561027947
3	2262	2263	2	1.0
1	2264	2265	3	89.56003573022959
2	2265	2266	3	1.4142135623730951
1	2267	2268	1	55.47071299343465
2	2268	2269	1	42.5205832509386
3	2269	2270	1	1.4142135623730951
1	2271	2272	1	23.194827009486403
2	2272	2273	1	1.0
1	2274	2275	2	153.7172729396407
2	2275	2276	2	1.0
1	2277	2278	3	178.61690849412886
2	2278	2279	3	1.4142135623730951
1	2280	2281	1	18.867962264113206
2	2281	2282	1	30.610455730027933
3	2282	2283	1	41.400483088968905
4	2283	2284	1	1.4142135623730951
1	2285	2286	3	154.33081351434652
2	2286	2287	3	13.601470508735444
3	2287	2288	3	1.4142135623730951
1	2289	2290	4	26.1725046566048
2	2290	2291	4	1.4142135623730951
1	2292	2293	1	44.384682042344295
2	2293	2294	1	4.47213595499958
3	2294	2295	1	1.0
1	2296	2297	4	49.040799340956916
2	2297	2298	4	1.0
1	2299	2300	4	114.76933388322858
2	2300	2301	4	1.4142135623730951
1	2302	2303	4	64.28841264178172
2	2303	2304	4	1.0
1	2305	2306	4	49.09175083453431
2	2306	2307	4	1.4142135623730951
1	2308	2309	1	55.71355310873648
2	2309	2310	1	192.43960091415696
3	2310	2311	1	30.066592756745816
4	2311	2312	1	1.4142135623730951
1	2313	2314	1	335.3818719012702
2	2314	2315	1	122.42957159118053
3	2315	2316	1	1.0
1	2317	2318	1	207.48011952955878
2	2318	2319	1	93.00537618869137
3	2319	2320	1	1.4142135623730951
1	2321	2322	2	314.350123270216
2	2322	2323	2	72.91776189653656
3	2323	2324	2	1.0
1	2325	2326	2	4.0
2	2326	2327	2	1.0
1	2328	2329	4	144.01388821915754
2	2329	2330	4	1.0
1	2331	2332	1	14.142135623730951
2	2332	2333	1	189.5521036549054
3	2333	2334	1	3.1622776601683795
4	2334	2335	1	90.55385138137417
5	2335	2336	1	51.19570294468082
6	2336	2337	1	32.55764119219941
7	2337	2338	1	1.0
1	2339	2340	1	92.02173656261873
2	2340	2341	1	49.92995093127971
3	2341	2342	1	7.615773105863909
4	2342	2343	1	20.808652046684813
5	2343	2344	1	10.04987562112089
6	2344	2345	1	27.294688127912362
7	2345	2346	1	1.0
1	2347	2348	2	347.17430780517157
2	2348	2349	2	20.396078054371138
3	2349	2350	2	2.23606797749979
4	2350	2351	2	1.4142135623730951
1	2352	2353	4	166.37307474468338
2	2353	2354	4	1.0
1	2355	2356	4	38.2099463490856
2	2356	2357	4	13.892443989449804
3	2357	2358	4	12.041594578792296
4	2358	2359	4	1.4142135623730951
1	2360	2361	5	57.723478758647246
2	2361	2362	5	1.0
1	2363	2364	5	130.91982279242512
2	2364	2365	5	1.4142135623730951
1	2366	2367	5	22.825424421026653
2	2367	2368	5	1.4142135623730951
1	2369	2370	1	35.73513677041127
2	2370	2371	1	30.23243291566195
3	2371	2372	1	1.0
1	2373	2374	1	226.00884938426637
2	2374	2375	1	1.4142135623730951
1	2376	2377	2	53.25410782277739
2	2377	2378	2	1.0
3	2378	2379	2	1.4142135623730951
1	2380	2381	1	184.58873205046942
2	2381	2382	1	148.85227576359054
3	2382	2383	1	98.04590761474952
4	2383	2384	1	1.0
1	2385	2386	2	19.235384061671343
2	2386	2387	2	1.0
1	2388	2389	5	166.19265928433782
2	2389	2390	5	1.4142135623730951
1	2391	2392	1	9.433981132056603
2	2392	2393	1	18.027756377319946
3	2393	2394	1	1.0
1	2395	2396	1	2.8284271247461903
2	2396	2397	1	152.0131573252789
3	2397	2398	1	28.160255680657446
4	2398	2399	1	1.4142135623730951
1	2400	2401	2	60.07495318350236
2	2401	2402	2	153.05554547287727
3	2402	2403	2	1.4142135623730951
1	2404	2405	1	188.2179587605816
2	2405	2406	1	63.90618123468183
3	2406	2407	1	1.0
1	2408	2409	2	155.05160431288675
2	2409	2410	2	162.04937519163718
3	2410	2411	2	1.4142135623730951
1	2412	2413	1	48.16637831516918
2	2413	2414	1	1.0
1	2415	2416	1	35.90264614203248
2	2416	2417	1	102.45974819410792
3	2417	2418	1	1.0
1	2419	2420	1	155.08062419270823
2	2420	2421	1	1.4142135623730951
1	2422	2423	2	98.79271228182775
2	2423	2424	2	1.0
1	2425	2426	1	13.0
2	2426	2427	1	29.154759474226502
3	2427	2428	1	5.830951894845301
4	2428	2429	1	4.123105625617661
5	2429	2430	1	1.4142135623730951
1	2431	2432	2	47.51841748206689
2	2432	2433	2	81.78630692236935
3	2433	2434	2	1.4142135623730951
1	2435	2436	2	18.384776310850235
2	2436	2437	2	135.07405376311175
3	2437	2438	2	1.0
4	2438	2439	2	20.8806130178211
5	2439	2440	2	1.4142135623730951
1	2441	2442	3	135.9779393872403
2	2442	2443	3	1.0
1	2444	2445	5	113.21660655575224
2	2445	2446	5	1.0
1	2447	2448	5	82.15229759416349
2	2448	2449	5	1.0
1	2450	2451	1	87.64131445842195
2	2451	2452	1	1.4142135623730951
1	2453	2454	1	141.315250415516
2	2454	2455	1	1.0
1	2456	2457	1	27.730849247724095
2	2457	2458	1	1.4142135623730951
1	2459	2460	2	67.97793759742936
2	2460	2461	2	1.0
1	2462	2463	2	25.80697580112788
2	2463	2464	2	1.4142135623730951
1	2465	2466	5	23.769728648009426
2	2466	2467	5	1.0
1	2468	2469	5	64.77653896280658
2	2469	2470	5	1.0
1	2471	2472	5	151.18200951171406
2	2472	2473	5	1.4142135623730951
1	2474	2475	1	91.26883367283708
2	2475	2476	1	37.33630940518894
3	2476	2477	1	1.0
1	2478	2479	5	65.86349520030045
2	2479	2480	5	1.0
1	2481	2482	5	1.4142135623730951
2	2482	2483	5	1.0
1	2484	2485	5	13.601470508735444
2	2485	2486	5	1.4142135623730951
1	2487	2488	1	25.612496949731394
2	2488	2489	1	135.60235986147143
3	2489	2490	1	171.32717239247253
4	2490	2491	1	43.840620433565945
5	2491	2492	1	245.3935614477283
6	2492	2493	1	1.4142135623730951
1	2494	2495	1	210.68697159530296
2	2495	2496	1	6.4031242374328485
3	2496	2497	1	1.0
1	2498	2499	1	97.59098319004681
2	2499	2500	1	1.0
1	2501	2502	1	152.97058540778355
2	2502	2503	1	1.0
1	2504	2505	2	47.853944456021594
2	2505	2506	2	1.4142135623730951
1	2507	2508	2	85.492689745966
2	2508	2509	2	96.17692030835673
3	2509	2510	2	1.4142135623730951
1	2511	2512	1	34.20526275297414
2	2512	2513	1	1.0
1	2514	2515	2	348.3690571793081
2	2515	2516	2	53.41348144429457
3	2516	2517	2	1.0
1	2518	2519	2	79.71198153351854
2	2519	2520	2	1.0
1	2521	2522	5	57.42821606144492
2	2522	2523	5	1.4142135623730951
1	2524	2525	1	29.0
2	2525	2526	1	1.0
1	2527	2528	1	56.142675390472796
2	2528	2529	1	1.4142135623730951
1	2530	2531	2	179.0111728356641
2	2531	2532	2	1.0
1	2533	2534	5	228.0350850198276
2	2534	2535	5	1.4142135623730951
1	2536	2537	6	246.82990094394967
2	2537	2538	6	1.0
1	2539	2540	1	159.81239000778382
2	2540	2541	1	1.4142135623730951
1	2542	2543	6	90.91754506144565
2	2543	2544	6	1.0
1	2545	2546	6	246.95141222515818
2	2546	2547	6	1.4142135623730951
1	2548	2549	6	46.14108798023731
2	2549	2550	6	1.4142135623730951
1	2551	2552	1	130.86252328302402
2	2552	2553	1	1.4142135623730951
1	2554	2555	1	29.068883707497267
2	2555	2556	1	1.4142135623730951
1	2557	2558	1	71.56814934033156
2	2558	2559	1	1.4142135623730951
1	2560	2561	1	17.26267650163207
2	2561	2562	1	49.040799340956916
3	2562	2563	1	30.870698080866262
4	2563	2564	1	1.0
1	2565	2566	1	80.00624975587844
2	2566	2567	1	1.4142135623730951
1	2568	2569	2	50.99019513592785
2	2569	2570	2	1.0
1	2571	2572	2	77.10382610480494
2	2572	2573	2	1.0
1	2574	2575	1	148.70776711389354
2	2575	2576	1	1.4142135623730951
1	2577	2578	2	203.90193721492693
2	2578	2579	2	100.16985574512923
3	2579	2580	2	1.0
1	2581	2582	1	36.40054944640259
2	2582	2583	1	1.4142135623730951
1	2584	2585	2	46.32493928760188
2	2585	2586	2	1.0
1	2587	2588	2	117.15374513859982
2	2588	2589	2	1.0
1	2590	2591	2	188.47015678881365
2	2591	2592	2	1.0
1	2593	2594	6	11.313708498984761
2	2594	2595	6	1.4142135623730951
1	2596	2597	6	292.22251795506793
2	2597	2598	6	1.4142135623730951
1	2599	2600	6	6.708203932499369
2	2600	2601	6	13.038404810405298
3	2601	2602	6	1.4142135623730951
1	2603	2604	1	306.2972412543084
2	2604	2605	1	1.0
1	2606	2607	1	218.40329667841556
2	2607	2608	1	1.4142135623730951
1	2609	2610	2	52.49761899362675
2	2610	2611	2	1.0
1	2612	2613	6	66.91038783328041
2	2613	2614	6	1.0
1	2615	2616	1	179.93609976877903
2	2616	2617	1	1.0
1	2618	2619	1	45.17742799230607
2	2619	2620	1	1.4142135623730951
1	2621	2622	1	61.98386886924694
2	2622	2623	1	1.0
1	2624	2625	2	11.40175425099138
2	2625	2626	2	1.4142135623730951
1	2627	2628	1	64.47480127925948
2	2628	2629	1	1.4142135623730951
1	2630	2631	2	269.45314991664134
2	2631	2632	2	50.695167422546305
3	2632	2633	2	49.51767361255979
4	2633	2634	2	1.4142135623730951
1	2635	2636	1	129.5414991421668
2	2636	2637	1	74.67261881037788
3	2637	2638	1	42.01190307520001
4	2638	2639	1	1.0
1	2640	2641	2	248.4854120466632
2	2641	2642	2	1.4142135623730951
1	2643	2644	2	21.02379604162864
2	2644	2645	2	1.0
1	2646	2647	1	27.313000567495326
2	2647	2648	1	1.4142135623730951
1	2649	2650	1	226.36695871968595
2	2650	2651	1	1.4142135623730951
1	2652	2653	1	80.30566605165541
2	2653	2654	1	1.0
1	2655	2656	2	145.16542288024377
2	2656	2657	2	44.82186966202994
3	2657	2658	2	1.0
1	2659	2660	2	77.0
2	2660	2661	2	1.4142135623730951
1	2662	2663	1	39.56008088970496
2	2663	2664	1	130.75167302944922
3	2664	2665	1	1.0
1	2666	2667	2	20.518284528683193
2	2667	2668	2	57.55866572463264
3	2668	2669	2	11.180339887498949
4	2669	2670	2	22.47220505424423
5	2670	2671	2	85.0
6	2671	2672	2	1.4142135623730951
1	2673	2674	3	194.0
2	2674	2675	3	90.02777349240623
3	2675	2676	3	1.4142135623730951
1	2677	2678	6	67.00746227100382
2	2678	2679	6	1.0
1	2680	2681	6	157.0350279396288
2	2681	2682	6	1.0
1	2683	2684	6	8.94427190999916
2	2684	2685	6	1.4142135623730951
1	2686	2687	1	196.32880583347927
2	2687	2688	1	28.0178514522438
3	2688	2689	1	1.0
1	2690	2691	1	119.57006314291216
2	2691	2692	1	1.4142135623730951
1	2693	2694	2	37.0
2	2694	2695	2	2.0
3	2695	2696	2	1.0
1	2697	2698	6	47.29693436154187
2	2698	2699	6	1.0
1	2700	2701	1	161.3009609394811
2	2701	2702	1	45.803929962395145
3	2702	2703	1	1.4142135623730951
1	2704	2705	1	47.50789408087881
2	2705	2706	1	1.0
1	2707	2708	2	121.16517651536682
2	2708	2709	2	1.0
1	2710	2711	6	282.14358046923553
2	2711	2712	6	1.4142135623730951
1	2713	2714	1	333.2161460673837
2	2714	2715	1	19.0
3	2715	2716	1	133.5402561027947
4	2716	2717	1	31.144823004794873
5	2717	2718	1	1.0
1	2719	2720	1	44.553338819890925
2	2720	2721	1	1.0
1	2722	2723	1	8.06225774829855
2	2723	2724	1	192.93781381574738
3	2724	2725	1	9.848857801796104
4	2725	2726	1	51.088159097779204
5	2726	2727	1	53.600373133029585
6	2727	2728	1	28.319604517012593
7	2728	2729	1	5.385164807134504
8	2729	2730	1	7.211102550927978
9	2730	2731	1	1.0
10	2731	2732	1	1.4142135623730951
1	2733	2734	2	62.177166226839255
2	2734	2735	2	1.4142135623730951
1	2736	2737	2	40.44749683231337
2	2737	2738	2	1.0
1	2739	2740	6	101.6070863670443
2	2740	2741	6	1.4142135623730951
1	2742	2743	6	247.315587862957
2	2743	2744	6	1.4142135623730951
1	2745	2746	1	154.5477272560163
2	2746	2747	1	5.830951894845301
3	2747	2748	1	6.4031242374328485
4	2748	2749	1	1.0
1	2750	2751	1	21.2602916254693
2	2751	2752	1	16.1245154965971
3	2752	2753	1	2.0
4	2753	2754	1	124.42668524074729
5	2754	2755	1	189.39112967612817
6	2755	2756	1	14.422205101855956
7	2756	2757	1	1.4142135623730951
1	2758	2759	2	53.85164807134504
2	2759	2760	2	1.0
1	2761	2762	6	138.9280389266328
2	2762	2763	6	1.4142135623730951
1	2764	2765	6	147.41099009232656
2	2765	2766	6	1.0
1	2767	2768	1	53.907327887774215
2	2768	2769	1	1.4142135623730951
1	2770	2771	1	102.1420579389313
2	2771	2772	1	198.29775591266787
3	2772	2773	1	1.4142135623730951
1	2774	2775	1	156.85024705112835
2	2775	2776	1	1.0
1	2777	2778	2	21.213203435596427
2	2778	2779	2	1.0
1	2780	2781	2	40.049968789001575
2	2781	2782	2	1.0
1	2783	2784	1	142.22517358048822
2	2784	2785	1	1.4142135623730951
1	2786	2787	2	143.17821063276352
2	2787	2788	2	1.0
1	2789	2790	1	132.60844618650805
2	2790	2791	1	1.4142135623730951
1	2792	2793	1	210.27838690650069
2	2793	2794	1	1.4142135623730951
1	2795	2796	2	60.90155991434045
2	2796	2797	2	1.4142135623730951
1	2798	2799	1	27.586228448267445
2	2799	2800	1	29.068883707497267
3	2800	2801	1	1.4142135623730951
1	2802	2803	2	20.615528128088304
2	2803	2804	2	1.4142135623730951
1	2805	2806	3	50.99019513592785
2	2806	2807	3	1.4142135623730951
1	2808	2809	6	9.219544457292887
2	2809	2810	6	1.4142135623730951
1	2811	2812	6	130.38404810405297
2	2812	2813	6	1.4142135623730951
1	2814	2815	6	4.242640687119285
2	2815	2816	6	1.0
1	2817	2818	1	9.433981132056603
2	2818	2819	1	302.3673262771624
3	2819	2820	1	1.0
1	2821	2822	6	23.323807579381203
2	2822	2823	6	1.4142135623730951
1	2824	2825	1	31.78049716414141
2	2825	2826	1	1.0
1	2827	2828	1	164.62381358722072
2	2828	2829	1	1.0
1	2830	2831	2	4.47213595499958
2	2831	2832	2	1.4142135623730951
1	2833	2834	1	218.2292372712694
2	2834	2835	1	1.0
1	2836	2837	2	14.560219778561036
2	2837	2838	2	44.94441010848846
3	2838	2839	2	1.0
1	2840	2841	6	302.2383165649253
2	2841	2842	6	1.0
1	2843	2844	6	232.2003445303215
2	2844	2845	6	1.0
1	2846	2847	6	31.906112267087632
2	2847	2848	6	36.24913792078372
3	2848	2849	6	50.99019513592785
4	2849	2850	6	1.0
1	2851	2852	6	50.24937810560445
2	2852	2853	6	1.4142135623730951
1	2854	2855	6	75.43208866258443
2	2855	2856	6	1.0
1	2857	2858	6	81.88406438373708
2	2858	2859	6	1.0
1	2860	2861	1	97.3498844375277
2	2861	2862	1	1.4142135623730951
1	2863	2864	1	195.2050204272421
2	2864	2865	1	1.4142135623730951
1	2866	2867	1	114.56002793295748
2	2867	2868	1	1.4142135623730951
1	2869	2870	2	79.90619500389191
2	2870	2871	2	1.0
1	2872	2873	2	105.19030373565806
2	2873	2874	2	1.4142135623730951
1	2875	2876	1	68.0
2	2876	2877	1	1.0
1	2878	2879	2	79.64923100695951
2	2879	2880	2	43.18564576337837
3	2880	2881	2	121.41251994749142
4	2881	2882	2	9.433981132056603
5	2882	2883	2	1.4142135623730951
1	2884	2885	6	20.615528128088304
2	2885	2886	6	1.0
1	2887	2888	1	278.53904573685895
2	2888	2889	1	18.973665961010276
3	2889	2890	1	66.0
4	2890	2891	1	6.4031242374328485
5	2891	2892	1	1.4142135623730951
1	2893	2894	6	219.8635940759634
2	2894	2895	6	1.0
1	2896	2897	6	260.714403131089
2	2897	2898	6	1.0
1	2899	2900	6	218.89266776207924
2	2900	2901	6	212.5323504786977
3	2901	2902	6	37.8021163428716
4	2902	2903	6	1.4142135623730951
1	2904	2905	6	59.405386961116584
2	2905	2906	6	47.01063709417264
3	2906	2907	6	1.4142135623730951
1	2908	2909	1	78.56844150166147
2	2909	2910	1	1.4142135623730951
1	2911	2912	1	14.866068747318506
2	2912	2913	1	334.53998266276034
3	2913	2914	1	359.54693713060607
4	2914	2915	1	34.40930106817051
5	2915	2916	1	1.4142135623730951
1	2917	2918	1	262.6118809193522
2	2918	2919	1	1.4142135623730951
1	2920	2921	1	187.88294228055935
2	2921	2922	1	1.4142135623730951
1	2923	2924	1	20.0
2	2924	2925	1	93.91485505499116
3	2925	2926	1	1.4142135623730951
1	2927	2928	2	126.31706139710502
2	2928	2929	2	34.132096331752024
3	2929	2930	2	1.0
1	2931	2932	1	25.0
2	2932	2933	1	187.6725872363889
3	2933	2934	1	1.4142135623730951
1	2935	2936	2	37.0
2	2936	2937	2	1.4142135623730951
1	2938	2939	1	4.47213595499958
2	2939	2940	1	30.675723300355934
3	2940	2941	1	187.25650856512306
4	2941	2942	1	1.4142135623730951
1	2943	2944	2	41.23105625617661
2	2944	2945	2	1.0
1	2946	2947	2	51.92301994298868
2	2947	2948	2	1.0
1	2949	2950	2	39.824615503479755
2	2950	2951	2	1.0
1	2952	2953	2	112.0044641967453
2	2953	2954	2	1.4142135623730951
1	2955	2956	1	42.15447781671598
2	2956	2957	1	58.82176467941097
3	2957	2958	1	156.8948692596415
4	2958	2959	1	1.0
1	2960	2961	1	24.413111231467404
2	2961	2962	1	1.4142135623730951
1	2963	2964	2	10.816653826391969
2	2964	2965	2	1.0
1	2966	2967	3	61.91122676865643
2	2967	2968	3	1.4142135623730951
1	2969	2970	1	15.132745950421556
2	2970	2971	1	221.82200071228283
3	2971	2972	1	49.49747468305833
4	2972	2973	1	1.0
1	2974	2975	3	147.05441169852742
2	2975	2976	3	1.4142135623730951
1	2977	2978	1	136.56500283747664
2	2978	2979	1	1.0
1	2980	2981	3	22.47220505424423
2	2981	2982	3	69.35416353759881
3	2982	2983	3	1.4142135623730951
1	2984	2985	1	154.18495387034366
2	2985	2986	1	80.05623023850174
3	2986	2987	1	112.44998888394787
4	2987	2988	1	126.66885963013956
5	2988	2989	1	1.0
1	2990	2991	1	71.449282711585
2	2991	2992	1	1.0
1	2993	2994	1	270.8800472533922
2	2994	2995	1	1.4142135623730951
1	2996	2997	2	62.00806399170998
2	2997	2998	2	1.4142135623730951
1	2999	3000	2	37.21558813185679
2	3000	3001	2	1.4142135623730951
1	3002	3003	3	211.11608181282637
2	3003	3004	3	1.0
1	3005	3006	6	354.5715724645731
2	3006	3007	6	5.0
3	3007	3008	6	1.0
1	3009	3010	6	92.30926280715278
2	3010	3011	6	1.4142135623730951
1	3012	3013	6	67.53517601961218
2	3013	3014	6	1.0
1	3015	3016	6	83.00602387778854
2	3016	3017	6	28.0178514522438
3	3017	3018	6	106.01886624558857
