811
CH_ID	CH_NDUSID	CH_NDDSID
1	1	4
2	5	7
3	8	11
4	12	14
5	15	19
6	20	25
7	26	28
8	29	32
9	33	40
10	41	43
11	44	47
12	48	51
13	52	57
14	58	60
15	61	65
16	66	68
17	69	70
18	71	78
19	79	82
20	83	92
21	93	97
22	98	109
23	110	119
24	120	124
25	125	130
26	131	135
27	136	140
28	141	143
29	144	149
30	150	156
31	157	161
32	162	164
33	165	167
34	168	173
35	174	177
36	178	184
37	185	193
38	194	200
39	201	203
40	204	208
41	209	219
42	220	222
43	223	226
44	227	231
45	232	235
46	236	238
47	239	241
48	242	244
49	245	250
50	251	253
51	254	256
52	257	261
53	262	266
54	267	271
55	272	276
56	277	283
57	284	291
58	292	295
59	296	300
60	301	306
61	307	309
62	310	313
63	314	318
64	319	323
65	324	327
66	328	332
67	333	338
68	339	341
69	342	347
70	348	356
71	357	363
72	364	367
73	368	371
74	372	377
75	378	381
76	382	386
77	387	395
78	396	400
79	401	403
80	404	407
81	408	410
82	411	414
83	415	424
84	425	427
85	428	432
86	433	442
87	443	447
88	448	454
89	455	466
90	467	472
91	473	477
92	478	481
93	482	484
94	485	487
95	488	490
96	491	501
97	502	505
98	506	510
99	511	513
100	514	517
101	518	520
102	521	524
103	525	529
104	530	532
105	533	539
106	540	544
107	545	551
108	552	559
109	560	564
110	565	570
111	571	575
112	576	579
113	580	583
114	584	590
115	591	595
116	596	599
117	600	602
118	603	605
119	606	609
120	610	612
121	613	615
122	616	620
123	621	624
124	625	628
125	629	635
126	636	638
127	639	643
128	644	646
129	647	655
130	656	662
131	663	667
132	668	672
133	673	675
134	676	678
135	679	683
136	684	687
137	688	691
138	692	697
139	698	702
140	703	707
141	708	710
142	711	715
143	716	718
144	719	723
145	724	728
146	729	733
147	734	736
148	737	740
149	741	745
150	746	753
151	754	759
152	760	763
153	764	766
154	767	772
155	773	777
156	778	793
157	794	796
158	797	801
159	802	804
160	805	810
161	811	815
162	816	820
163	821	827
164	828	830
165	831	837
166	838	841
167	842	850
168	851	853
169	854	861
170	862	865
171	866	869
172	870	872
173	873	877
174	878	885
175	886	889
176	890	893
177	894	896
178	897	906
179	907	911
180	912	917
181	918	920
182	921	927
183	928	931
184	932	934
185	935	940
186	941	943
187	944	950
188	951	956
189	957	960
190	961	964
191	965	969
192	970	973
193	974	985
194	986	988
195	989	991
196	992	996
197	997	999
198	1000	1005
199	1006	1008
200	1009	1014
201	1015	1017
202	1018	1023
203	1024	1027
204	1028	1032
205	1033	1037
206	1038	1041
207	1042	1044
208	1045	1047
209	1048	1052
210	1053	1060
211	1061	1070
212	1071	1075
213	1076	1078
214	1079	1081
215	1082	1087
216	1088	1091
217	1092	1096
218	1097	1100
219	1101	1103
220	1104	1106
221	1107	1109
222	1110	1114
223	1115	1119
224	1120	1123
225	1124	1126
226	1127	1129
227	1130	1132
228	1133	1140
229	1141	1143
230	1144	1152
231	1153	1156
232	1157	1161
233	1162	1167
234	1168	1173
235	1174	1179
236	1180	1188
237	1189	1192
238	1193	1197
239	1198	1205
240	1206	1208
241	1209	1212
242	1213	1220
243	1221	1223
244	1224	1227
245	1228	1230
246	1231	1233
247	1234	1244
248	1245	1248
249	1249	1251
250	1252	1257
251	1258	1260
252	1261	1265
253	1266	1273
254	1274	1282
255	1283	1285
256	1286	1293
257	1294	1300
258	1301	1303
259	1304	1312
260	1313	1317
261	1318	1326
262	1327	1340
263	1341	1344
264	1345	1349
265	1350	1362
266	1363	1368
267	1369	1375
268	1376	1378
269	1379	1381
270	1382	1391
271	1392	1396
272	1397	1399
273	1400	1405
274	1406	1411
275	1412	1416
276	1417	1420
277	1421	1425
278	1426	1431
279	1432	1434
280	1435	1440
281	1441	1443
282	1444	1448
283	1449	1451
284	1452	1454
285	1455	1462
286	1463	1468
287	1469	1475
288	1476	1478
289	1479	1481
290	1482	1491
291	1492	1497
292	1498	1500
293	1501	1504
294	1505	1507
295	1508	1512
296	1513	1516
297	1517	1521
298	1522	1525
299	1526	1528
300	1529	1531
301	1532	1539
302	1540	1543
303	1544	1549
304	1550	1555
305	1556	1558
306	1559	1570
307	1571	1573
308	1574	1579
309	1580	1584
310	1585	1589
311	1590	1595
312	1596	1599
313	1600	1602
314	1603	1607
315	1608	1611
316	1612	1616
317	1617	1619
318	1620	1625
319	1626	1631
320	1632	1638
321	1639	1641
322	1642	1646
323	1647	1651
324	1652	1658
325	1659	1661
326	1662	1670
327	1671	1676
328	1677	1679
329	1680	1684
330	1685	1689
331	1690	1694
332	1695	1698
333	1699	1701
334	1702	1706
335	1707	1711
336	1712	1714
337	1715	1717
338	1718	1720
339	1721	1725
340	1726	1729
341	1730	1732
342	1733	1735
343	1736	1739
344	1740	1742
345	1743	1749
346	1750	1752
347	1753	1756
348	1757	1760
349	1761	1766
350	1767	1769
351	1770	1774
352	1775	1778
353	1779	1781
354	1782	1787
355	1788	1793
356	1794	1796
357	1797	1800
358	1801	1805
359	1806	1808
360	1809	1815
361	1816	1818
362	1819	1827
363	1828	1830
364	1831	1833
365	1834	1839
366	1840	1846
367	1847	1851
368	1852	1854
369	1855	1859
370	1860	1867
371	1868	1870
372	1871	1875
373	1876	1879
374	1880	1885
375	1886	1890
376	1891	1894
377	1895	1897
378	1898	1899
379	1900	1904
380	1905	1911
381	1912	1914
382	1915	1919
383	1920	1922
384	1923	1926
385	1927	1929
386	1930	1936
387	1937	1939
388	1940	1942
389	1943	1948
390	1949	1954
391	1955	1958
392	1959	1961
393	1962	1966
394	1967	1969
395	1970	1974
396	1975	1980
397	1981	1986
398	1987	1989
399	1990	1996
400	1997	2002
401	2003	2006
402	2007	2009
403	2010	2013
404	2014	2022
405	2023	2036
406	2037	2039
407	2040	2044
408	2045	2047
409	2048	2050
410	2051	2057
411	2058	2060
412	2061	2068
413	2069	2071
414	2072	2075
415	2076	2081
416	2082	2085
417	2086	2088
418	2089	2101
419	2102	2104
420	2105	2108
421	2109	2111
422	2112	2115
423	2116	2121
424	2122	2125
425	2126	2128
426	2129	2138
427	2139	2141
428	2142	2144
429	2145	2147
430	2148	2152
431	2153	2158
432	2159	2162
433	2163	2165
434	2166	2168
435	2169	2172
436	2173	2181
437	2182	2186
438	2187	2190
439	2191	2194
440	2195	2200
441	2201	2203
442	2204	2206
443	2207	2212
444	2213	2216
445	2217	2221
446	2222	2228
447	2229	2231
448	2232	2235
449	2236	2238
450	2239	2242
451	2243	2247
452	2248	2250
453	2251	2254
454	2255	2257
455	2258	2260
456	2261	2266
457	2267	2272
458	2273	2278
459	2279	2282
460	2283	2287
461	2288	2291
462	2292	2294
463	2295	2301
464	2302	2304
465	2305	2314
466	2315	2321
467	2322	2326
468	2327	2329
469	2330	2335
470	2336	2339
471	2340	2345
472	2346	2348
473	2349	2353
474	2354	2357
475	2358	2361
476	2362	2364
477	2365	2368
478	2369	2371
479	2372	2377
480	2378	2380
481	2381	2383
482	2384	2386
483	2387	2393
484	2394	2399
485	2400	2406
486	2407	2411
487	2412	2419
488	2420	2422
489	2423	2427
490	2428	2433
491	2434	2441
492	2442	2447
493	2448	2451
494	2452	2454
495	2455	2457
496	2458	2465
497	2466	2469
498	2470	2473
499	2474	2476
500	2477	2479
501	2480	2482
502	2483	2489
503	2490	2494
504	2495	2500
505	2501	2507
506	2508	2511
507	2512	2514
508	2515	2520
509	2521	2529
510	2530	2534
511	2535	2537
512	2538	2542
513	2543	2545
514	2546	2548
515	2549	2552
516	2553	2557
517	2558	2565
518	2566	2570
519	2571	2574
520	2575	2577
521	2578	2583
522	2584	2586
523	2587	2590
524	2591	2595
525	2596	2599
526	2600	2603
527	2604	2608
528	2609	2612
529	2613	2617
530	2618	2621
531	2622	2624
532	2625	2627
533	2628	2631
534	2632	2634
535	2635	2637
536	2638	2642
537	2643	2647
538	2648	2650
539	2651	2657
540	2658	2661
541	2662	2667
542	2668	2670
543	2671	2674
544	2675	2677
545	2678	2683
546	2684	2689
547	2690	2695
548	2696	2698
549	2699	2712
550	2713	2715
551	2716	2720
552	2721	2725
553	2726	2729
554	2730	2737
555	2738	2740
556	2741	2743
557	2744	2748
558	2749	2754
559	2755	2759
560	2760	2764
561	2765	2769
562	2770	2774
563	2775	2779
564	2780	2786
565	2787	2789
566	2790	2792
567	2793	2796
568	2797	2800
569	2801	2803
570	2804	2810
571	2811	2818
572	2819	2822
573	2823	2831
574	2832	2835
575	2836	2840
576	2841	2846
577	2847	2851
578	2852	2856
579	2857	2860
580	2861	2863
581	2864	2873
582	2874	2878
583	2879	2883
584	2884	2888
585	2889	2891
586	2892	2894
587	2895	2899
588	2900	2903
589	2904	2906
590	2907	2909
591	2910	2912
592	2913	2916
593	2917	2921
594	2922	2924
595	2925	2929
596	2930	2933
597	2934	2937
598	2938	2941
599	2942	2948
600	2949	2951
601	2952	2956
602	2957	2959
603	2960	2963
604	2964	2968
605	2969	2973
606	2974	2979
607	2980	2982
608	2983	2986
609	2987	2989
610	2990	2993
611	2994	2996
612	2997	2999
613	3000	3007
614	3008	3015
615	3016	3022
616	3023	3029
617	3030	3032
618	3033	3036
619	3037	3047
620	3048	3057
621	3058	3065
622	3066	3069
623	3070	3074
624	3075	3077
625	3078	3081
626	3082	3084
627	3085	3088
628	3089	3093
629	3094	3097
630	3098	3106
631	3107	3109
632	3110	3113
633	3114	3117
634	3118	3124
635	3125	3130
636	3131	3137
637	3138	3144
638	3145	3147
639	3148	3152
640	3153	3156
641	3157	3160
642	3161	3166
643	3167	3171
644	3172	3178
645	3179	3182
646	3183	3186
647	3187	3189
648	3190	3193
649	3194	3197
650	3198	3200
651	3201	3203
652	3204	3206
653	3207	3209
654	3210	3212
655	3213	3216
656	3217	3221
657	3222	3224
658	3225	3227
659	3228	3230
660	3231	3243
661	3244	3249
662	3250	3253
663	3254	3257
664	3258	3260
665	3261	3266
666	3267	3269
667	3270	3276
668	3277	3279
669	3280	3282
670	3283	3285
671	3286	3288
672	3289	3292
673	3293	3297
674	3298	3302
675	3303	3307
676	3308	3311
677	3312	3316
678	3317	3319
679	3320	3323
680	3324	3326
681	3327	3329
682	3330	3335
683	3336	3338
684	3339	3341
685	3342	3344
686	3345	3348
687	3349	3355
688	3356	3358
689	3359	3361
690	3362	3365
691	3366	3370
692	3371	3373
693	3374	3379
694	3380	3383
695	3384	3389
696	3390	3394
697	3395	3397
698	3398	3400
699	3401	3404
700	3405	3407
701	3408	3410
702	3411	3413
703	3414	3416
704	3417	3424
705	3425	3431
706	3432	3436
707	3437	3439
708	3440	3442
709	3443	3447
710	3448	3450
711	3451	3456
712	3457	3459
713	3460	3464
714	3465	3473
715	3474	3480
716	3481	3483
717	3484	3487
718	3488	3490
719	3491	3496
720	3497	3500
721	3501	3504
722	3505	3507
723	3508	3513
724	3514	3516
725	3517	3520
726	3521	3526
727	3527	3538
728	3539	3541
729	3542	3555
730	3556	3558
731	3559	3561
732	3562	3565
733	3566	3570
734	3571	3577
735	3578	3588
736	3589	3591
737	3592	3595
738	3596	3599
739	3600	3602
740	3603	3609
741	3610	3613
742	3614	3616
743	3617	3619
744	3620	3623
745	3624	3627
746	3628	3631
747	3632	3636
748	3637	3639
749	3640	3643
750	3644	3646
751	3647	3649
752	3650	3652
753	3653	3656
754	3657	3659
755	3660	3666
756	3667	3669
757	3670	3672
758	3673	3677
759	3678	3680
760	3681	3685
761	3686	3689
762	3690	3695
763	3696	3700
764	3701	3706
765	3707	3709
766	3710	3712
767	3713	3715
768	3716	3719
769	3720	3724
770	3725	3728
771	3729	3731
772	3732	3735
773	3736	3738
774	3739	3746
775	3747	3749
776	3750	3758
777	3759	3763
778	3764	3769
779	3770	3779
780	3780	3784
781	3785	3787
782	3788	3799
783	3800	3804
784	3805	3809
785	3810	3814
786	3815	3819
787	3820	3825
788	3826	3828
789	3829	3835
790	3836	3838
791	3839	3841
792	3842	3844
793	3845	3848
794	3849	3856
795	3857	3859
796	3860	3862
797	3863	3865
798	3866	3873
799	3874	3877
800	3878	3881
801	3882	3886
802	3887	3896
803	3897	3899
804	3900	3905
805	3906	3908
806	3909	3911
807	3912	3916
808	3917	3923
809	3924	3927
810	3928	3930
811	3931	3936
