1504
CP_ID	CP_CSID	CP_POSIDX	CP_W	CP_Z	CP_RGH	CP_BLOCK
1	1	1	-43	6	0.025	1
2	1	2	-35	2	0.025	1
3	1	3	-13	2	0.025	1
4	1	4	-10	0	0.025	1
5	1	5	10	0	0.025	1
6	1	6	13	2	0.025	1
7	1	7	35	2	0.025	1
8	1	8	43	6	0.025	1
9	2	1	-43	6	0.025	1
10	2	2	-35	2	0.025	1
11	2	3	-13	2	0.025	1
12	2	4	-10	0	0.025	1
13	2	5	10	0	0.025	1
14	2	6	13	2	0.025	1
15	2	7	35	2	0.025	1
16	2	8	43	6	0.025	1
17	3	1	-43	6	0.025	1
18	3	2	-35	2	0.025	1
19	3	3	-13	2	0.025	1
20	3	4	-10	0	0.025	1
21	3	5	10	0	0.025	1
22	3	6	13	2	0.025	1
23	3	7	35	2	0.025	1
24	3	8	43	6	0.025	1
25	4	1	-43	6	0.025	1
26	4	2	-35	2	0.025	1
27	4	3	-13	2	0.025	1
28	4	4	-10	0	0.025	1
29	4	5	10	0	0.025	1
30	4	6	13	2	0.025	1
31	4	7	35	2	0.025	1
32	4	8	43	6	0.025	1
33	5	1	-43	6	0.025	1
34	5	2	-35	2	0.025	1
35	5	3	-13	2	0.025	1
36	5	4	-10	0	0.025	1
37	5	5	10	0	0.025	1
38	5	6	13	2	0.025	1
39	5	7	35	2	0.025	1
40	5	8	43	6	0.025	1
41	6	1	-43	6	0.025	1
42	6	2	-35	2	0.025	1
43	6	3	-13	2	0.025	1
44	6	4	-10	0	0.025	1
45	6	5	10	0	0.025	1
46	6	6	13	2	0.025	1
47	6	7	35	2	0.025	1
48	6	8	43	6	0.025	1
49	7	1	-43	6	0.025	1
50	7	2	-35	2	0.025	1
51	7	3	-13	2	0.025	1
52	7	4	-10	0	0.025	1
53	7	5	10	0	0.025	1
54	7	6	13	2	0.025	1
55	7	7	35	2	0.025	1
56	7	8	43	6	0.025	1
57	8	1	-43	6	0.025	1
58	8	2	-35	2	0.025	1
59	8	3	-13	2	0.025	1
60	8	4	-10	0	0.025	1
61	8	5	10	0	0.025	1
62	8	6	13	2	0.025	1
63	8	7	35	2	0.025	1
64	8	8	43	6	0.025	1
65	9	1	-43	6	0.025	1
66	9	2	-35	2	0.025	1
67	9	3	-13	2	0.025	1
68	9	4	-10	0	0.025	1
69	9	5	10	0	0.025	1
70	9	6	13	2	0.025	1
71	9	7	35	2	0.025	1
72	9	8	43	6	0.025	1
73	10	1	-43	6	0.025	1
74	10	2	-35	2	0.025	1
75	10	3	-13	2	0.025	1
76	10	4	-10	0	0.025	1
77	10	5	10	0	0.025	1
78	10	6	13	2	0.025	1
79	10	7	35	2	0.025	1
80	10	8	43	6	0.025	1
81	11	1	-43	6	0.025	1
82	11	2	-35	2	0.025	1
83	11	3	-13	2	0.025	1
84	11	4	-10	0	0.025	1
85	11	5	10	0	0.025	1
86	11	6	13	2	0.025	1
87	11	7	35	2	0.025	1
88	11	8	43	6	0.025	1
89	12	1	-43	6	0.025	1
90	12	2	-35	2	0.025	1
91	12	3	-13	2	0.025	1
92	12	4	-10	0	0.025	1
93	12	5	10	0	0.025	1
94	12	6	13	2	0.025	1
95	12	7	35	2	0.025	1
96	12	8	43	6	0.025	1
97	13	1	-43	6	0.025	1
98	13	2	-35	2	0.025	1
99	13	3	-13	2	0.025	1
100	13	4	-10	0	0.025	1
101	13	5	10	0	0.025	1
102	13	6	13	2	0.025	1
103	13	7	35	2	0.025	1
104	13	8	43	6	0.025	1
105	14	1	-43	6	0.025	1
106	14	2	-35	2	0.025	1
107	14	3	-13	2	0.025	1
108	14	4	-10	0	0.025	1
109	14	5	10	0	0.025	1
110	14	6	13	2	0.025	1
111	14	7	35	2	0.025	1
112	14	8	43	6	0.025	1
113	15	1	-43	6	0.025	1
114	15	2	-35	2	0.025	1
115	15	3	-13	2	0.025	1
116	15	4	-10	0	0.025	1
117	15	5	10	0	0.025	1
118	15	6	13	2	0.025	1
119	15	7	35	2	0.025	1
120	15	8	43	6	0.025	1
121	16	1	-43	6	0.025	1
122	16	2	-35	2	0.025	1
123	16	3	-13	2	0.025	1
124	16	4	-10	0	0.025	1
125	16	5	10	0	0.025	1
126	16	6	13	2	0.025	1
127	16	7	35	2	0.025	1
128	16	8	43	6	0.025	1
129	17	1	-43	6	0.025	1
130	17	2	-35	2	0.025	1
131	17	3	-13	2	0.025	1
132	17	4	-10	0	0.025	1
133	17	5	10	0	0.025	1
134	17	6	13	2	0.025	1
135	17	7	35	2	0.025	1
136	17	8	43	6	0.025	1
137	18	1	-43	6	0.025	1
138	18	2	-35	2	0.025	1
139	18	3	-13	2	0.025	1
140	18	4	-10	0	0.025	1
141	18	5	10	0	0.025	1
142	18	6	13	2	0.025	1
143	18	7	35	2	0.025	1
144	18	8	43	6	0.025	1
145	19	1	-43	6	0.025	1
146	19	2	-35	2	0.025	1
147	19	3	-13	2	0.025	1
148	19	4	-10	0	0.025	1
149	19	5	10	0	0.025	1
150	19	6	13	2	0.025	1
151	19	7	35	2	0.025	1
152	19	8	43	6	0.025	1
153	20	1	-43	6	0.025	1
154	20	2	-35	2	0.025	1
155	20	3	-13	2	0.025	1
156	20	4	-10	0	0.025	1
157	20	5	10	0	0.025	1
158	20	6	13	2	0.025	1
159	20	7	35	2	0.025	1
160	20	8	43	6	0.025	1
161	21	1	-43	6	0.025	1
162	21	2	-35	2	0.025	1
163	21	3	-13	2	0.025	1
164	21	4	-10	0	0.025	1
165	21	5	10	0	0.025	1
166	21	6	13	2	0.025	1
167	21	7	35	2	0.025	1
168	21	8	43	6	0.025	1
169	22	1	-43	6	0.025	1
170	22	2	-35	2	0.025	1
171	22	3	-13	2	0.025	1
172	22	4	-10	0	0.025	1
173	22	5	10	0	0.025	1
174	22	6	13	2	0.025	1
175	22	7	35	2	0.025	1
176	22	8	43	6	0.025	1
177	23	1	-43	6	0.025	1
178	23	2	-35	2	0.025	1
179	23	3	-13	2	0.025	1
180	23	4	-10	0	0.025	1
181	23	5	10	0	0.025	1
182	23	6	13	2	0.025	1
183	23	7	35	2	0.025	1
184	23	8	43	6	0.025	1
185	24	1	-43	6	0.025	1
186	24	2	-35	2	0.025	1
187	24	3	-13	2	0.025	1
188	24	4	-10	0	0.025	1
189	24	5	10	0	0.025	1
190	24	6	13	2	0.025	1
191	24	7	35	2	0.025	1
192	24	8	43	6	0.025	1
193	25	1	-43	6	0.025	1
194	25	2	-35	2	0.025	1
195	25	3	-13	2	0.025	1
196	25	4	-10	0	0.025	1
197	25	5	10	0	0.025	1
198	25	6	13	2	0.025	1
199	25	7	35	2	0.025	1
200	25	8	43	6	0.025	1
201	26	1	-43	6	0.025	1
202	26	2	-35	2	0.025	1
203	26	3	-13	2	0.025	1
204	26	4	-10	0	0.025	1
205	26	5	10	0	0.025	1
206	26	6	13	2	0.025	1
207	26	7	35	2	0.025	1
208	26	8	43	6	0.025	1
209	27	1	-43	6	0.025	1
210	27	2	-35	2	0.025	1
211	27	3	-13	2	0.025	1
212	27	4	-10	0	0.025	1
213	27	5	10	0	0.025	1
214	27	6	13	2	0.025	1
215	27	7	35	2	0.025	1
216	27	8	43	6	0.025	1
217	28	1	-43	6	0.025	1
218	28	2	-35	2	0.025	1
219	28	3	-13	2	0.025	1
220	28	4	-10	0	0.025	1
221	28	5	10	0	0.025	1
222	28	6	13	2	0.025	1
223	28	7	35	2	0.025	1
224	28	8	43	6	0.025	1
225	29	1	-43	6	0.025	1
226	29	2	-35	2	0.025	1
227	29	3	-13	2	0.025	1
228	29	4	-10	0	0.025	1
229	29	5	10	0	0.025	1
230	29	6	13	2	0.025	1
231	29	7	35	2	0.025	1
232	29	8	43	6	0.025	1
233	30	1	-43	6	0.025	1
234	30	2	-35	2	0.025	1
235	30	3	-13	2	0.025	1
236	30	4	-10	0	0.025	1
237	30	5	10	0	0.025	1
238	30	6	13	2	0.025	1
239	30	7	35	2	0.025	1
240	30	8	43	6	0.025	1
241	31	1	-43	6	0.025	1
242	31	2	-35	2	0.025	1
243	31	3	-13	2	0.025	1
244	31	4	-10	0	0.025	1
245	31	5	10	0	0.025	1
246	31	6	13	2	0.025	1
247	31	7	35	2	0.025	1
248	31	8	43	6	0.025	1
249	32	1	-43	6	0.025	1
250	32	2	-35	2	0.025	1
251	32	3	-13	2	0.025	1
252	32	4	-10	0	0.025	1
253	32	5	10	0	0.025	1
254	32	6	13	2	0.025	1
255	32	7	35	2	0.025	1
256	32	8	43	6	0.025	1
257	33	1	-43	6	0.025	1
258	33	2	-35	2	0.025	1
259	33	3	-13	2	0.025	1
260	33	4	-10	0	0.025	1
261	33	5	10	0	0.025	1
262	33	6	13	2	0.025	1
263	33	7	35	2	0.025	1
264	33	8	43	6	0.025	1
265	34	1	-43	6	0.025	1
266	34	2	-35	2	0.025	1
267	34	3	-13	2	0.025	1
268	34	4	-10	0	0.025	1
269	34	5	10	0	0.025	1
270	34	6	13	2	0.025	1
271	34	7	35	2	0.025	1
272	34	8	43	6	0.025	1
273	35	1	-43	6	0.025	1
274	35	2	-35	2	0.025	1
275	35	3	-13	2	0.025	1
276	35	4	-10	0	0.025	1
277	35	5	10	0	0.025	1
278	35	6	13	2	0.025	1
279	35	7	35	2	0.025	1
280	35	8	43	6	0.025	1
281	36	1	-43	6	0.025	1
282	36	2	-35	2	0.025	1
283	36	3	-13	2	0.025	1
284	36	4	-10	0	0.025	1
285	36	5	10	0	0.025	1
286	36	6	13	2	0.025	1
287	36	7	35	2	0.025	1
288	36	8	43	6	0.025	1
289	37	1	-43	6	0.025	1
290	37	2	-35	2	0.025	1
291	37	3	-13	2	0.025	1
292	37	4	-10	0	0.025	1
293	37	5	10	0	0.025	1
294	37	6	13	2	0.025	1
295	37	7	35	2	0.025	1
296	37	8	43	6	0.025	1
297	38	1	-43	6	0.025	1
298	38	2	-35	2	0.025	1
299	38	3	-13	2	0.025	1
300	38	4	-10	0	0.025	1
301	38	5	10	0	0.025	1
302	38	6	13	2	0.025	1
303	38	7	35	2	0.025	1
304	38	8	43	6	0.025	1
305	39	1	-43	6	0.025	1
306	39	2	-35	2	0.025	1
307	39	3	-13	2	0.025	1
308	39	4	-10	0	0.025	1
309	39	5	10	0	0.025	1
310	39	6	13	2	0.025	1
311	39	7	35	2	0.025	1
312	39	8	43	6	0.025	1
313	40	1	-43	6	0.025	1
314	40	2	-35	2	0.025	1
315	40	3	-13	2	0.025	1
316	40	4	-10	0	0.025	1
317	40	5	10	0	0.025	1
318	40	6	13	2	0.025	1
319	40	7	35	2	0.025	1
320	40	8	43	6	0.025	1
321	41	1	-43	6	0.025	1
322	41	2	-35	2	0.025	1
323	41	3	-13	2	0.025	1
324	41	4	-10	0	0.025	1
325	41	5	10	0	0.025	1
326	41	6	13	2	0.025	1
327	41	7	35	2	0.025	1
328	41	8	43	6	0.025	1
329	42	1	-43	6	0.025	1
330	42	2	-35	2	0.025	1
331	42	3	-13	2	0.025	1
332	42	4	-10	0	0.025	1
333	42	5	10	0	0.025	1
334	42	6	13	2	0.025	1
335	42	7	35	2	0.025	1
336	42	8	43	6	0.025	1
337	43	1	-43	6	0.025	1
338	43	2	-35	2	0.025	1
339	43	3	-13	2	0.025	1
340	43	4	-10	0	0.025	1
341	43	5	10	0	0.025	1
342	43	6	13	2	0.025	1
343	43	7	35	2	0.025	1
344	43	8	43	6	0.025	1
345	44	1	-43	6	0.025	1
346	44	2	-35	2	0.025	1
347	44	3	-13	2	0.025	1
348	44	4	-10	0	0.025	1
349	44	5	10	0	0.025	1
350	44	6	13	2	0.025	1
351	44	7	35	2	0.025	1
352	44	8	43	6	0.025	1
353	45	1	-43	6	0.025	1
354	45	2	-35	2	0.025	1
355	45	3	-13	2	0.025	1
356	45	4	-10	0	0.025	1
357	45	5	10	0	0.025	1
358	45	6	13	2	0.025	1
359	45	7	35	2	0.025	1
360	45	8	43	6	0.025	1
361	46	1	-43	6	0.025	1
362	46	2	-35	2	0.025	1
363	46	3	-13	2	0.025	1
364	46	4	-10	0	0.025	1
365	46	5	10	0	0.025	1
366	46	6	13	2	0.025	1
367	46	7	35	2	0.025	1
368	46	8	43	6	0.025	1
369	47	1	-43	6	0.025	1
370	47	2	-35	2	0.025	1
371	47	3	-13	2	0.025	1
372	47	4	-10	0	0.025	1
373	47	5	10	0	0.025	1
374	47	6	13	2	0.025	1
375	47	7	35	2	0.025	1
376	47	8	43	6	0.025	1
377	48	1	-43	6	0.025	1
378	48	2	-35	2	0.025	1
379	48	3	-13	2	0.025	1
380	48	4	-10	0	0.025	1
381	48	5	10	0	0.025	1
382	48	6	13	2	0.025	1
383	48	7	35	2	0.025	1
384	48	8	43	6	0.025	1
385	49	1	-43	6	0.025	1
386	49	2	-35	2	0.025	1
387	49	3	-13	2	0.025	1
388	49	4	-10	0	0.025	1
389	49	5	10	0	0.025	1
390	49	6	13	2	0.025	1
391	49	7	35	2	0.025	1
392	49	8	43	6	0.025	1
393	50	1	-43	6	0.025	1
394	50	2	-35	2	0.025	1
395	50	3	-13	2	0.025	1
396	50	4	-10	0	0.025	1
397	50	5	10	0	0.025	1
398	50	6	13	2	0.025	1
399	50	7	35	2	0.025	1
400	50	8	43	6	0.025	1
401	51	1	-43	6	0.025	1
402	51	2	-35	2	0.025	1
403	51	3	-13	2	0.025	1
404	51	4	-10	0	0.025	1
405	51	5	10	0	0.025	1
406	51	6	13	2	0.025	1
407	51	7	35	2	0.025	1
408	51	8	43	6	0.025	1
409	52	1	-43	6	0.025	1
410	52	2	-35	2	0.025	1
411	52	3	-13	2	0.025	1
412	52	4	-10	0	0.025	1
413	52	5	10	0	0.025	1
414	52	6	13	2	0.025	1
415	52	7	35	2	0.025	1
416	52	8	43	6	0.025	1
417	53	1	-43	6	0.025	1
418	53	2	-35	2	0.025	1
419	53	3	-13	2	0.025	1
420	53	4	-10	0	0.025	1
421	53	5	10	0	0.025	1
422	53	6	13	2	0.025	1
423	53	7	35	2	0.025	1
424	53	8	43	6	0.025	1
425	54	1	-43	6	0.025	1
426	54	2	-35	2	0.025	1
427	54	3	-13	2	0.025	1
428	54	4	-10	0	0.025	1
429	54	5	10	0	0.025	1
430	54	6	13	2	0.025	1
431	54	7	35	2	0.025	1
432	54	8	43	6	0.025	1
433	55	1	-43	6	0.025	1
434	55	2	-35	2	0.025	1
435	55	3	-13	2	0.025	1
436	55	4	-10	0	0.025	1
437	55	5	10	0	0.025	1
438	55	6	13	2	0.025	1
439	55	7	35	2	0.025	1
440	55	8	43	6	0.025	1
441	56	1	-43	6	0.025	1
442	56	2	-35	2	0.025	1
443	56	3	-13	2	0.025	1
444	56	4	-10	0	0.025	1
445	56	5	10	0	0.025	1
446	56	6	13	2	0.025	1
447	56	7	35	2	0.025	1
448	56	8	43	6	0.025	1
449	57	1	-43	6	0.025	1
450	57	2	-35	2	0.025	1
451	57	3	-13	2	0.025	1
452	57	4	-10	0	0.025	1
453	57	5	10	0	0.025	1
454	57	6	13	2	0.025	1
455	57	7	35	2	0.025	1
456	57	8	43	6	0.025	1
457	58	1	-43	6	0.025	1
458	58	2	-35	2	0.025	1
459	58	3	-13	2	0.025	1
460	58	4	-10	0	0.025	1
461	58	5	10	0	0.025	1
462	58	6	13	2	0.025	1
463	58	7	35	2	0.025	1
464	58	8	43	6	0.025	1
465	59	1	-43	6	0.025	1
466	59	2	-35	2	0.025	1
467	59	3	-13	2	0.025	1
468	59	4	-10	0	0.025	1
469	59	5	10	0	0.025	1
470	59	6	13	2	0.025	1
471	59	7	35	2	0.025	1
472	59	8	43	6	0.025	1
473	60	1	-43	6	0.025	1
474	60	2	-35	2	0.025	1
475	60	3	-13	2	0.025	1
476	60	4	-10	0	0.025	1
477	60	5	10	0	0.025	1
478	60	6	13	2	0.025	1
479	60	7	35	2	0.025	1
480	60	8	43	6	0.025	1
481	61	1	-43	6	0.025	1
482	61	2	-35	2	0.025	1
483	61	3	-13	2	0.025	1
484	61	4	-10	0	0.025	1
485	61	5	10	0	0.025	1
486	61	6	13	2	0.025	1
487	61	7	35	2	0.025	1
488	61	8	43	6	0.025	1
489	62	1	-43	6	0.025	1
490	62	2	-35	2	0.025	1
491	62	3	-13	2	0.025	1
492	62	4	-10	0	0.025	1
493	62	5	10	0	0.025	1
494	62	6	13	2	0.025	1
495	62	7	35	2	0.025	1
496	62	8	43	6	0.025	1
497	63	1	-43	6	0.025	1
498	63	2	-35	2	0.025	1
499	63	3	-13	2	0.025	1
500	63	4	-10	0	0.025	1
501	63	5	10	0	0.025	1
502	63	6	13	2	0.025	1
503	63	7	35	2	0.025	1
504	63	8	43	6	0.025	1
505	64	1	-43	6	0.025	1
506	64	2	-35	2	0.025	1
507	64	3	-13	2	0.025	1
508	64	4	-10	0	0.025	1
509	64	5	10	0	0.025	1
510	64	6	13	2	0.025	1
511	64	7	35	2	0.025	1
512	64	8	43	6	0.025	1
513	65	1	-43	6	0.025	1
514	65	2	-35	2	0.025	1
515	65	3	-13	2	0.025	1
516	65	4	-10	0	0.025	1
517	65	5	10	0	0.025	1
518	65	6	13	2	0.025	1
519	65	7	35	2	0.025	1
520	65	8	43	6	0.025	1
521	66	1	-43	6	0.025	1
522	66	2	-35	2	0.025	1
523	66	3	-13	2	0.025	1
524	66	4	-10	0	0.025	1
525	66	5	10	0	0.025	1
526	66	6	13	2	0.025	1
527	66	7	35	2	0.025	1
528	66	8	43	6	0.025	1
529	67	1	-43	6	0.025	1
530	67	2	-35	2	0.025	1
531	67	3	-13	2	0.025	1
532	67	4	-10	0	0.025	1
533	67	5	10	0	0.025	1
534	67	6	13	2	0.025	1
535	67	7	35	2	0.025	1
536	67	8	43	6	0.025	1
537	68	1	-43	6	0.025	1
538	68	2	-35	2	0.025	1
539	68	3	-13	2	0.025	1
540	68	4	-10	0	0.025	1
541	68	5	10	0	0.025	1
542	68	6	13	2	0.025	1
543	68	7	35	2	0.025	1
544	68	8	43	6	0.025	1
545	69	1	-43	6	0.025	1
546	69	2	-35	2	0.025	1
547	69	3	-13	2	0.025	1
548	69	4	-10	0	0.025	1
549	69	5	10	0	0.025	1
550	69	6	13	2	0.025	1
551	69	7	35	2	0.025	1
552	69	8	43	6	0.025	1
553	70	1	-43	6	0.025	1
554	70	2	-35	2	0.025	1
555	70	3	-13	2	0.025	1
556	70	4	-10	0	0.025	1
557	70	5	10	0	0.025	1
558	70	6	13	2	0.025	1
559	70	7	35	2	0.025	1
560	70	8	43	6	0.025	1
561	71	1	-43	6	0.025	1
562	71	2	-35	2	0.025	1
563	71	3	-13	2	0.025	1
564	71	4	-10	0	0.025	1
565	71	5	10	0	0.025	1
566	71	6	13	2	0.025	1
567	71	7	35	2	0.025	1
568	71	8	43	6	0.025	1
569	72	1	-43	6	0.025	1
570	72	2	-35	2	0.025	1
571	72	3	-13	2	0.025	1
572	72	4	-10	0	0.025	1
573	72	5	10	0	0.025	1
574	72	6	13	2	0.025	1
575	72	7	35	2	0.025	1
576	72	8	43	6	0.025	1
577	73	1	-43	6	0.025	1
578	73	2	-35	2	0.025	1
579	73	3	-13	2	0.025	1
580	73	4	-10	0	0.025	1
581	73	5	10	0	0.025	1
582	73	6	13	2	0.025	1
583	73	7	35	2	0.025	1
584	73	8	43	6	0.025	1
585	74	1	-43	6	0.025	1
586	74	2	-35	2	0.025	1
587	74	3	-13	2	0.025	1
588	74	4	-10	0	0.025	1
589	74	5	10	0	0.025	1
590	74	6	13	2	0.025	1
591	74	7	35	2	0.025	1
592	74	8	43	6	0.025	1
593	75	1	-43	6	0.025	1
594	75	2	-35	2	0.025	1
595	75	3	-13	2	0.025	1
596	75	4	-10	0	0.025	1
597	75	5	10	0	0.025	1
598	75	6	13	2	0.025	1
599	75	7	35	2	0.025	1
600	75	8	43	6	0.025	1
601	76	1	-43	6	0.025	1
602	76	2	-35	2	0.025	1
603	76	3	-13	2	0.025	1
604	76	4	-10	0	0.025	1
605	76	5	10	0	0.025	1
606	76	6	13	2	0.025	1
607	76	7	35	2	0.025	1
608	76	8	43	6	0.025	1
609	77	1	-43	6	0.025	1
610	77	2	-35	2	0.025	1
611	77	3	-13	2	0.025	1
612	77	4	-10	0	0.025	1
613	77	5	10	0	0.025	1
614	77	6	13	2	0.025	1
615	77	7	35	2	0.025	1
616	77	8	43	6	0.025	1
617	78	1	-43	6	0.025	1
618	78	2	-35	2	0.025	1
619	78	3	-13	2	0.025	1
620	78	4	-10	0	0.025	1
621	78	5	10	0	0.025	1
622	78	6	13	2	0.025	1
623	78	7	35	2	0.025	1
624	78	8	43	6	0.025	1
625	79	1	-43	6	0.025	1
626	79	2	-35	2	0.025	1
627	79	3	-13	2	0.025	1
628	79	4	-10	0	0.025	1
629	79	5	10	0	0.025	1
630	79	6	13	2	0.025	1
631	79	7	35	2	0.025	1
632	79	8	43	6	0.025	1
633	80	1	-43	6	0.025	1
634	80	2	-35	2	0.025	1
635	80	3	-13	2	0.025	1
636	80	4	-10	0	0.025	1
637	80	5	10	0	0.025	1
638	80	6	13	2	0.025	1
639	80	7	35	2	0.025	1
640	80	8	43	6	0.025	1
641	81	1	-43	6	0.025	1
642	81	2	-35	2	0.025	1
643	81	3	-13	2	0.025	1
644	81	4	-10	0	0.025	1
645	81	5	10	0	0.025	1
646	81	6	13	2	0.025	1
647	81	7	35	2	0.025	1
648	81	8	43	6	0.025	1
649	82	1	-43	6	0.025	1
650	82	2	-35	2	0.025	1
651	82	3	-13	2	0.025	1
652	82	4	-10	0	0.025	1
653	82	5	10	0	0.025	1
654	82	6	13	2	0.025	1
655	82	7	35	2	0.025	1
656	82	8	43	6	0.025	1
657	83	1	-43	6	0.025	1
658	83	2	-35	2	0.025	1
659	83	3	-13	2	0.025	1
660	83	4	-10	0	0.025	1
661	83	5	10	0	0.025	1
662	83	6	13	2	0.025	1
663	83	7	35	2	0.025	1
664	83	8	43	6	0.025	1
665	84	1	-43	6	0.025	1
666	84	2	-35	2	0.025	1
667	84	3	-13	2	0.025	1
668	84	4	-10	0	0.025	1
669	84	5	10	0	0.025	1
670	84	6	13	2	0.025	1
671	84	7	35	2	0.025	1
672	84	8	43	6	0.025	1
673	85	1	-43	6	0.025	1
674	85	2	-35	2	0.025	1
675	85	3	-13	2	0.025	1
676	85	4	-10	0	0.025	1
677	85	5	10	0	0.025	1
678	85	6	13	2	0.025	1
679	85	7	35	2	0.025	1
680	85	8	43	6	0.025	1
681	86	1	-43	6	0.025	1
682	86	2	-35	2	0.025	1
683	86	3	-13	2	0.025	1
684	86	4	-10	0	0.025	1
685	86	5	10	0	0.025	1
686	86	6	13	2	0.025	1
687	86	7	35	2	0.025	1
688	86	8	43	6	0.025	1
689	87	1	-43	6	0.025	1
690	87	2	-35	2	0.025	1
691	87	3	-13	2	0.025	1
692	87	4	-10	0	0.025	1
693	87	5	10	0	0.025	1
694	87	6	13	2	0.025	1
695	87	7	35	2	0.025	1
696	87	8	43	6	0.025	1
697	88	1	-43	6	0.025	1
698	88	2	-35	2	0.025	1
699	88	3	-13	2	0.025	1
700	88	4	-10	0	0.025	1
701	88	5	10	0	0.025	1
702	88	6	13	2	0.025	1
703	88	7	35	2	0.025	1
704	88	8	43	6	0.025	1
705	89	1	-43	6	0.025	1
706	89	2	-35	2	0.025	1
707	89	3	-13	2	0.025	1
708	89	4	-10	0	0.025	1
709	89	5	10	0	0.025	1
710	89	6	13	2	0.025	1
711	89	7	35	2	0.025	1
712	89	8	43	6	0.025	1
713	90	1	-43	6	0.025	1
714	90	2	-35	2	0.025	1
715	90	3	-13	2	0.025	1
716	90	4	-10	0	0.025	1
717	90	5	10	0	0.025	1
718	90	6	13	2	0.025	1
719	90	7	35	2	0.025	1
720	90	8	43	6	0.025	1
721	91	1	-43	6	0.025	1
722	91	2	-35	2	0.025	1
723	91	3	-13	2	0.025	1
724	91	4	-10	0	0.025	1
725	91	5	10	0	0.025	1
726	91	6	13	2	0.025	1
727	91	7	35	2	0.025	1
728	91	8	43	6	0.025	1
729	92	1	-43	6	0.025	1
730	92	2	-35	2	0.025	1
731	92	3	-13	2	0.025	1
732	92	4	-10	0	0.025	1
733	92	5	10	0	0.025	1
734	92	6	13	2	0.025	1
735	92	7	35	2	0.025	1
736	92	8	43	6	0.025	1
737	93	1	-43	6	0.025	1
738	93	2	-35	2	0.025	1
739	93	3	-13	2	0.025	1
740	93	4	-10	0	0.025	1
741	93	5	10	0	0.025	1
742	93	6	13	2	0.025	1
743	93	7	35	2	0.025	1
744	93	8	43	6	0.025	1
745	94	1	-43	6	0.025	1
746	94	2	-35	2	0.025	1
747	94	3	-13	2	0.025	1
748	94	4	-10	0	0.025	1
749	94	5	10	0	0.025	1
750	94	6	13	2	0.025	1
751	94	7	35	2	0.025	1
752	94	8	43	6	0.025	1
753	95	1	-43	6	0.025	1
754	95	2	-35	2	0.025	1
755	95	3	-13	2	0.025	1
756	95	4	-10	0	0.025	1
757	95	5	10	0	0.025	1
758	95	6	13	2	0.025	1
759	95	7	35	2	0.025	1
760	95	8	43	6	0.025	1
761	96	1	-43	6	0.025	1
762	96	2	-35	2	0.025	1
763	96	3	-13	2	0.025	1
764	96	4	-10	0	0.025	1
765	96	5	10	0	0.025	1
766	96	6	13	2	0.025	1
767	96	7	35	2	0.025	1
768	96	8	43	6	0.025	1
769	97	1	-43	6	0.025	1
770	97	2	-35	2	0.025	1
771	97	3	-13	2	0.025	1
772	97	4	-10	0	0.025	1
773	97	5	10	0	0.025	1
774	97	6	13	2	0.025	1
775	97	7	35	2	0.025	1
776	97	8	43	6	0.025	1
777	98	1	-43	6	0.025	1
778	98	2	-35	2	0.025	1
779	98	3	-13	2	0.025	1
780	98	4	-10	0	0.025	1
781	98	5	10	0	0.025	1
782	98	6	13	2	0.025	1
783	98	7	35	2	0.025	1
784	98	8	43	6	0.025	1
785	99	1	-43	6	0.025	1
786	99	2	-35	2	0.025	1
787	99	3	-13	2	0.025	1
788	99	4	-10	0	0.025	1
789	99	5	10	0	0.025	1
790	99	6	13	2	0.025	1
791	99	7	35	2	0.025	1
792	99	8	43	6	0.025	1
793	100	1	-43	6	0.025	1
794	100	2	-35	2	0.025	1
795	100	3	-13	2	0.025	1
796	100	4	-10	0	0.025	1
797	100	5	10	0	0.025	1
798	100	6	13	2	0.025	1
799	100	7	35	2	0.025	1
800	100	8	43	6	0.025	1
801	101	1	-43	6	0.025	1
802	101	2	-35	2	0.025	1
803	101	3	-13	2	0.025	1
804	101	4	-10	0	0.025	1
805	101	5	10	0	0.025	1
806	101	6	13	2	0.025	1
807	101	7	35	2	0.025	1
808	101	8	43	6	0.025	1
809	102	1	-43	6	0.025	1
810	102	2	-35	2	0.025	1
811	102	3	-13	2	0.025	1
812	102	4	-10	0	0.025	1
813	102	5	10	0	0.025	1
814	102	6	13	2	0.025	1
815	102	7	35	2	0.025	1
816	102	8	43	6	0.025	1
817	103	1	-43	6	0.025	1
818	103	2	-35	2	0.025	1
819	103	3	-13	2	0.025	1
820	103	4	-10	0	0.025	1
821	103	5	10	0	0.025	1
822	103	6	13	2	0.025	1
823	103	7	35	2	0.025	1
824	103	8	43	6	0.025	1
825	104	1	-43	6	0.025	1
826	104	2	-35	2	0.025	1
827	104	3	-13	2	0.025	1
828	104	4	-10	0	0.025	1
829	104	5	10	0	0.025	1
830	104	6	13	2	0.025	1
831	104	7	35	2	0.025	1
832	104	8	43	6	0.025	1
833	105	1	-43	6	0.025	1
834	105	2	-35	2	0.025	1
835	105	3	-13	2	0.025	1
836	105	4	-10	0	0.025	1
837	105	5	10	0	0.025	1
838	105	6	13	2	0.025	1
839	105	7	35	2	0.025	1
840	105	8	43	6	0.025	1
841	106	1	-43	6	0.025	1
842	106	2	-35	2	0.025	1
843	106	3	-13	2	0.025	1
844	106	4	-10	0	0.025	1
845	106	5	10	0	0.025	1
846	106	6	13	2	0.025	1
847	106	7	35	2	0.025	1
848	106	8	43	6	0.025	1
849	107	1	-43	6	0.025	1
850	107	2	-35	2	0.025	1
851	107	3	-13	2	0.025	1
852	107	4	-10	0	0.025	1
853	107	5	10	0	0.025	1
854	107	6	13	2	0.025	1
855	107	7	35	2	0.025	1
856	107	8	43	6	0.025	1
857	108	1	-43	6	0.025	1
858	108	2	-35	2	0.025	1
859	108	3	-13	2	0.025	1
860	108	4	-10	0	0.025	1
861	108	5	10	0	0.025	1
862	108	6	13	2	0.025	1
863	108	7	35	2	0.025	1
864	108	8	43	6	0.025	1
865	109	1	-43	6	0.025	1
866	109	2	-35	2	0.025	1
867	109	3	-13	2	0.025	1
868	109	4	-10	0	0.025	1
869	109	5	10	0	0.025	1
870	109	6	13	2	0.025	1
871	109	7	35	2	0.025	1
872	109	8	43	6	0.025	1
873	110	1	-43	6	0.025	1
874	110	2	-35	2	0.025	1
875	110	3	-13	2	0.025	1
876	110	4	-10	0	0.025	1
877	110	5	10	0	0.025	1
878	110	6	13	2	0.025	1
879	110	7	35	2	0.025	1
880	110	8	43	6	0.025	1
881	111	1	-43	6	0.025	1
882	111	2	-35	2	0.025	1
883	111	3	-13	2	0.025	1
884	111	4	-10	0	0.025	1
885	111	5	10	0	0.025	1
886	111	6	13	2	0.025	1
887	111	7	35	2	0.025	1
888	111	8	43	6	0.025	1
889	112	1	-43	6	0.025	1
890	112	2	-35	2	0.025	1
891	112	3	-13	2	0.025	1
892	112	4	-10	0	0.025	1
893	112	5	10	0	0.025	1
894	112	6	13	2	0.025	1
895	112	7	35	2	0.025	1
896	112	8	43	6	0.025	1
897	113	1	-43	6	0.025	1
898	113	2	-35	2	0.025	1
899	113	3	-13	2	0.025	1
900	113	4	-10	0	0.025	1
901	113	5	10	0	0.025	1
902	113	6	13	2	0.025	1
903	113	7	35	2	0.025	1
904	113	8	43	6	0.025	1
905	114	1	-43	6	0.025	1
906	114	2	-35	2	0.025	1
907	114	3	-13	2	0.025	1
908	114	4	-10	0	0.025	1
909	114	5	10	0	0.025	1
910	114	6	13	2	0.025	1
911	114	7	35	2	0.025	1
912	114	8	43	6	0.025	1
913	115	1	-43	6	0.025	1
914	115	2	-35	2	0.025	1
915	115	3	-13	2	0.025	1
916	115	4	-10	0	0.025	1
917	115	5	10	0	0.025	1
918	115	6	13	2	0.025	1
919	115	7	35	2	0.025	1
920	115	8	43	6	0.025	1
921	116	1	-43	6	0.025	1
922	116	2	-35	2	0.025	1
923	116	3	-13	2	0.025	1
924	116	4	-10	0	0.025	1
925	116	5	10	0	0.025	1
926	116	6	13	2	0.025	1
927	116	7	35	2	0.025	1
928	116	8	43	6	0.025	1
929	117	1	-43	6	0.025	1
930	117	2	-35	2	0.025	1
931	117	3	-13	2	0.025	1
932	117	4	-10	0	0.025	1
933	117	5	10	0	0.025	1
934	117	6	13	2	0.025	1
935	117	7	35	2	0.025	1
936	117	8	43	6	0.025	1
937	118	1	-43	6	0.025	1
938	118	2	-35	2	0.025	1
939	118	3	-13	2	0.025	1
940	118	4	-10	0	0.025	1
941	118	5	10	0	0.025	1
942	118	6	13	2	0.025	1
943	118	7	35	2	0.025	1
944	118	8	43	6	0.025	1
945	119	1	-43	6	0.025	1
946	119	2	-35	2	0.025	1
947	119	3	-13	2	0.025	1
948	119	4	-10	0	0.025	1
949	119	5	10	0	0.025	1
950	119	6	13	2	0.025	1
951	119	7	35	2	0.025	1
952	119	8	43	6	0.025	1
953	120	1	-43	6	0.025	1
954	120	2	-35	2	0.025	1
955	120	3	-13	2	0.025	1
956	120	4	-10	0	0.025	1
957	120	5	10	0	0.025	1
958	120	6	13	2	0.025	1
959	120	7	35	2	0.025	1
960	120	8	43	6	0.025	1
961	121	1	-43	6	0.025	1
962	121	2	-35	2	0.025	1
963	121	3	-13	2	0.025	1
964	121	4	-10	0	0.025	1
965	121	5	10	0	0.025	1
966	121	6	13	2	0.025	1
967	121	7	35	2	0.025	1
968	121	8	43	6	0.025	1
969	122	1	-43	6	0.025	1
970	122	2	-35	2	0.025	1
971	122	3	-13	2	0.025	1
972	122	4	-10	0	0.025	1
973	122	5	10	0	0.025	1
974	122	6	13	2	0.025	1
975	122	7	35	2	0.025	1
976	122	8	43	6	0.025	1
977	123	1	-43	6	0.025	1
978	123	2	-35	2	0.025	1
979	123	3	-13	2	0.025	1
980	123	4	-10	0	0.025	1
981	123	5	10	0	0.025	1
982	123	6	13	2	0.025	1
983	123	7	35	2	0.025	1
984	123	8	43	6	0.025	1
985	124	1	-43	6	0.025	1
986	124	2	-35	2	0.025	1
987	124	3	-13	2	0.025	1
988	124	4	-10	0	0.025	1
989	124	5	10	0	0.025	1
990	124	6	13	2	0.025	1
991	124	7	35	2	0.025	1
992	124	8	43	6	0.025	1
993	125	1	-43	6	0.025	1
994	125	2	-35	2	0.025	1
995	125	3	-13	2	0.025	1
996	125	4	-10	0	0.025	1
997	125	5	10	0	0.025	1
998	125	6	13	2	0.025	1
999	125	7	35	2	0.025	1
1000	125	8	43	6	0.025	1
1001	126	1	-43	6	0.025	1
1002	126	2	-35	2	0.025	1
1003	126	3	-13	2	0.025	1
1004	126	4	-10	0	0.025	1
1005	126	5	10	0	0.025	1
1006	126	6	13	2	0.025	1
1007	126	7	35	2	0.025	1
1008	126	8	43	6	0.025	1
1009	127	1	-43	6	0.025	1
1010	127	2	-35	2	0.025	1
1011	127	3	-13	2	0.025	1
1012	127	4	-10	0	0.025	1
1013	127	5	10	0	0.025	1
1014	127	6	13	2	0.025	1
1015	127	7	35	2	0.025	1
1016	127	8	43	6	0.025	1
1017	128	1	-43	6	0.025	1
1018	128	2	-35	2	0.025	1
1019	128	3	-13	2	0.025	1
1020	128	4	-10	0	0.025	1
1021	128	5	10	0	0.025	1
1022	128	6	13	2	0.025	1
1023	128	7	35	2	0.025	1
1024	128	8	43	6	0.025	1
1025	129	1	-43	6	0.025	1
1026	129	2	-35	2	0.025	1
1027	129	3	-13	2	0.025	1
1028	129	4	-10	0	0.025	1
1029	129	5	10	0	0.025	1
1030	129	6	13	2	0.025	1
1031	129	7	35	2	0.025	1
1032	129	8	43	6	0.025	1
1033	130	1	-43	6	0.025	1
1034	130	2	-35	2	0.025	1
1035	130	3	-13	2	0.025	1
1036	130	4	-10	0	0.025	1
1037	130	5	10	0	0.025	1
1038	130	6	13	2	0.025	1
1039	130	7	35	2	0.025	1
1040	130	8	43	6	0.025	1
1041	131	1	-43	6	0.025	1
1042	131	2	-35	2	0.025	1
1043	131	3	-13	2	0.025	1
1044	131	4	-10	0	0.025	1
1045	131	5	10	0	0.025	1
1046	131	6	13	2	0.025	1
1047	131	7	35	2	0.025	1
1048	131	8	43	6	0.025	1
1049	132	1	-43	6	0.025	1
1050	132	2	-35	2	0.025	1
1051	132	3	-13	2	0.025	1
1052	132	4	-10	0	0.025	1
1053	132	5	10	0	0.025	1
1054	132	6	13	2	0.025	1
1055	132	7	35	2	0.025	1
1056	132	8	43	6	0.025	1
1057	133	1	-43	6	0.025	1
1058	133	2	-35	2	0.025	1
1059	133	3	-13	2	0.025	1
1060	133	4	-10	0	0.025	1
1061	133	5	10	0	0.025	1
1062	133	6	13	2	0.025	1
1063	133	7	35	2	0.025	1
1064	133	8	43	6	0.025	1
1065	134	1	-43	6	0.025	1
1066	134	2	-35	2	0.025	1
1067	134	3	-13	2	0.025	1
1068	134	4	-10	0	0.025	1
1069	134	5	10	0	0.025	1
1070	134	6	13	2	0.025	1
1071	134	7	35	2	0.025	1
1072	134	8	43	6	0.025	1
1073	135	1	-43	6	0.025	1
1074	135	2	-35	2	0.025	1
1075	135	3	-13	2	0.025	1
1076	135	4	-10	0	0.025	1
1077	135	5	10	0	0.025	1
1078	135	6	13	2	0.025	1
1079	135	7	35	2	0.025	1
1080	135	8	43	6	0.025	1
1081	136	1	-43	6	0.025	1
1082	136	2	-35	2	0.025	1
1083	136	3	-13	2	0.025	1
1084	136	4	-10	0	0.025	1
1085	136	5	10	0	0.025	1
1086	136	6	13	2	0.025	1
1087	136	7	35	2	0.025	1
1088	136	8	43	6	0.025	1
1089	137	1	-43	6	0.025	1
1090	137	2	-35	2	0.025	1
1091	137	3	-13	2	0.025	1
1092	137	4	-10	0	0.025	1
1093	137	5	10	0	0.025	1
1094	137	6	13	2	0.025	1
1095	137	7	35	2	0.025	1
1096	137	8	43	6	0.025	1
1097	138	1	-43	6	0.025	1
1098	138	2	-35	2	0.025	1
1099	138	3	-13	2	0.025	1
1100	138	4	-10	0	0.025	1
1101	138	5	10	0	0.025	1
1102	138	6	13	2	0.025	1
1103	138	7	35	2	0.025	1
1104	138	8	43	6	0.025	1
1105	139	1	-43	6	0.025	1
1106	139	2	-35	2	0.025	1
1107	139	3	-13	2	0.025	1
1108	139	4	-10	0	0.025	1
1109	139	5	10	0	0.025	1
1110	139	6	13	2	0.025	1
1111	139	7	35	2	0.025	1
1112	139	8	43	6	0.025	1
1113	140	1	-43	6	0.025	1
1114	140	2	-35	2	0.025	1
1115	140	3	-13	2	0.025	1
1116	140	4	-10	0	0.025	1
1117	140	5	10	0	0.025	1
1118	140	6	13	2	0.025	1
1119	140	7	35	2	0.025	1
1120	140	8	43	6	0.025	1
1121	141	1	-43	6	0.025	1
1122	141	2	-35	2	0.025	1
1123	141	3	-13	2	0.025	1
1124	141	4	-10	0	0.025	1
1125	141	5	10	0	0.025	1
1126	141	6	13	2	0.025	1
1127	141	7	35	2	0.025	1
1128	141	8	43	6	0.025	1
1129	142	1	-43	6	0.025	1
1130	142	2	-35	2	0.025	1
1131	142	3	-13	2	0.025	1
1132	142	4	-10	0	0.025	1
1133	142	5	10	0	0.025	1
1134	142	6	13	2	0.025	1
1135	142	7	35	2	0.025	1
1136	142	8	43	6	0.025	1
1137	143	1	-43	6	0.025	1
1138	143	2	-35	2	0.025	1
1139	143	3	-13	2	0.025	1
1140	143	4	-10	0	0.025	1
1141	143	5	10	0	0.025	1
1142	143	6	13	2	0.025	1
1143	143	7	35	2	0.025	1
1144	143	8	43	6	0.025	1
1145	144	1	-43	6	0.025	1
1146	144	2	-35	2	0.025	1
1147	144	3	-13	2	0.025	1
1148	144	4	-10	0	0.025	1
1149	144	5	10	0	0.025	1
1150	144	6	13	2	0.025	1
1151	144	7	35	2	0.025	1
1152	144	8	43	6	0.025	1
1153	145	1	-43	6	0.025	1
1154	145	2	-35	2	0.025	1
1155	145	3	-13	2	0.025	1
1156	145	4	-10	0	0.025	1
1157	145	5	10	0	0.025	1
1158	145	6	13	2	0.025	1
1159	145	7	35	2	0.025	1
1160	145	8	43	6	0.025	1
1161	146	1	-43	6	0.025	1
1162	146	2	-35	2	0.025	1
1163	146	3	-13	2	0.025	1
1164	146	4	-10	0	0.025	1
1165	146	5	10	0	0.025	1
1166	146	6	13	2	0.025	1
1167	146	7	35	2	0.025	1
1168	146	8	43	6	0.025	1
1169	147	1	-43	6	0.025	1
1170	147	2	-35	2	0.025	1
1171	147	3	-13	2	0.025	1
1172	147	4	-10	0	0.025	1
1173	147	5	10	0	0.025	1
1174	147	6	13	2	0.025	1
1175	147	7	35	2	0.025	1
1176	147	8	43	6	0.025	1
1177	148	1	-43	6	0.025	1
1178	148	2	-35	2	0.025	1
1179	148	3	-13	2	0.025	1
1180	148	4	-10	0	0.025	1
1181	148	5	10	0	0.025	1
1182	148	6	13	2	0.025	1
1183	148	7	35	2	0.025	1
1184	148	8	43	6	0.025	1
1185	149	1	-43	6	0.025	1
1186	149	2	-35	2	0.025	1
1187	149	3	-13	2	0.025	1
1188	149	4	-10	0	0.025	1
1189	149	5	10	0	0.025	1
1190	149	6	13	2	0.025	1
1191	149	7	35	2	0.025	1
1192	149	8	43	6	0.025	1
1193	150	1	-43	6	0.025	1
1194	150	2	-35	2	0.025	1
1195	150	3	-13	2	0.025	1
1196	150	4	-10	0	0.025	1
1197	150	5	10	0	0.025	1
1198	150	6	13	2	0.025	1
1199	150	7	35	2	0.025	1
1200	150	8	43	6	0.025	1
1201	151	1	-43	6	0.025	1
1202	151	2	-35	2	0.025	1
1203	151	3	-13	2	0.025	1
1204	151	4	-10	0	0.025	1
1205	151	5	10	0	0.025	1
1206	151	6	13	2	0.025	1
1207	151	7	35	2	0.025	1
1208	151	8	43	6	0.025	1
1209	152	1	-43	6	0.025	1
1210	152	2	-35	2	0.025	1
1211	152	3	-13	2	0.025	1
1212	152	4	-10	0	0.025	1
1213	152	5	10	0	0.025	1
1214	152	6	13	2	0.025	1
1215	152	7	35	2	0.025	1
1216	152	8	43	6	0.025	1
1217	153	1	-43	6	0.025	1
1218	153	2	-35	2	0.025	1
1219	153	3	-13	2	0.025	1
1220	153	4	-10	0	0.025	1
1221	153	5	10	0	0.025	1
1222	153	6	13	2	0.025	1
1223	153	7	35	2	0.025	1
1224	153	8	43	6	0.025	1
1225	154	1	-43	6	0.025	1
1226	154	2	-35	2	0.025	1
1227	154	3	-13	2	0.025	1
1228	154	4	-10	0	0.025	1
1229	154	5	10	0	0.025	1
1230	154	6	13	2	0.025	1
1231	154	7	35	2	0.025	1
1232	154	8	43	6	0.025	1
1233	155	1	-43	6	0.025	1
1234	155	2	-35	2	0.025	1
1235	155	3	-13	2	0.025	1
1236	155	4	-10	0	0.025	1
1237	155	5	10	0	0.025	1
1238	155	6	13	2	0.025	1
1239	155	7	35	2	0.025	1
1240	155	8	43	6	0.025	1
1241	156	1	-43	6	0.025	1
1242	156	2	-35	2	0.025	1
1243	156	3	-13	2	0.025	1
1244	156	4	-10	0	0.025	1
1245	156	5	10	0	0.025	1
1246	156	6	13	2	0.025	1
1247	156	7	35	2	0.025	1
1248	156	8	43	6	0.025	1
1249	157	1	-43	6	0.025	1
1250	157	2	-35	2	0.025	1
1251	157	3	-13	2	0.025	1
1252	157	4	-10	0	0.025	1
1253	157	5	10	0	0.025	1
1254	157	6	13	2	0.025	1
1255	157	7	35	2	0.025	1
1256	157	8	43	6	0.025	1
1257	158	1	-43	6	0.025	1
1258	158	2	-35	2	0.025	1
1259	158	3	-13	2	0.025	1
1260	158	4	-10	0	0.025	1
1261	158	5	10	0	0.025	1
1262	158	6	13	2	0.025	1
1263	158	7	35	2	0.025	1
1264	158	8	43	6	0.025	1
1265	159	1	-43	6	0.025	1
1266	159	2	-35	2	0.025	1
1267	159	3	-13	2	0.025	1
1268	159	4	-10	0	0.025	1
1269	159	5	10	0	0.025	1
1270	159	6	13	2	0.025	1
1271	159	7	35	2	0.025	1
1272	159	8	43	6	0.025	1
1273	160	1	-43	6	0.025	1
1274	160	2	-35	2	0.025	1
1275	160	3	-13	2	0.025	1
1276	160	4	-10	0	0.025	1
1277	160	5	10	0	0.025	1
1278	160	6	13	2	0.025	1
1279	160	7	35	2	0.025	1
1280	160	8	43	6	0.025	1
1281	161	1	-43	6	0.025	1
1282	161	2	-35	2	0.025	1
1283	161	3	-13	2	0.025	1
1284	161	4	-10	0	0.025	1
1285	161	5	10	0	0.025	1
1286	161	6	13	2	0.025	1
1287	161	7	35	2	0.025	1
1288	161	8	43	6	0.025	1
1289	162	1	-43	6	0.025	1
1290	162	2	-35	2	0.025	1
1291	162	3	-13	2	0.025	1
1292	162	4	-10	0	0.025	1
1293	162	5	10	0	0.025	1
1294	162	6	13	2	0.025	1
1295	162	7	35	2	0.025	1
1296	162	8	43	6	0.025	1
1297	163	1	-43	6	0.025	1
1298	163	2	-35	2	0.025	1
1299	163	3	-13	2	0.025	1
1300	163	4	-10	0	0.025	1
1301	163	5	10	0	0.025	1
1302	163	6	13	2	0.025	1
1303	163	7	35	2	0.025	1
1304	163	8	43	6	0.025	1
1305	164	1	-43	6	0.025	1
1306	164	2	-35	2	0.025	1
1307	164	3	-13	2	0.025	1
1308	164	4	-10	0	0.025	1
1309	164	5	10	0	0.025	1
1310	164	6	13	2	0.025	1
1311	164	7	35	2	0.025	1
1312	164	8	43	6	0.025	1
1313	165	1	-43	6	0.025	1
1314	165	2	-35	2	0.025	1
1315	165	3	-13	2	0.025	1
1316	165	4	-10	0	0.025	1
1317	165	5	10	0	0.025	1
1318	165	6	13	2	0.025	1
1319	165	7	35	2	0.025	1
1320	165	8	43	6	0.025	1
1321	166	1	-43	6	0.025	1
1322	166	2	-35	2	0.025	1
1323	166	3	-13	2	0.025	1
1324	166	4	-10	0	0.025	1
1325	166	5	10	0	0.025	1
1326	166	6	13	2	0.025	1
1327	166	7	35	2	0.025	1
1328	166	8	43	6	0.025	1
1329	167	1	-43	6	0.025	1
1330	167	2	-35	2	0.025	1
1331	167	3	-13	2	0.025	1
1332	167	4	-10	0	0.025	1
1333	167	5	10	0	0.025	1
1334	167	6	13	2	0.025	1
1335	167	7	35	2	0.025	1
1336	167	8	43	6	0.025	1
1337	168	1	-43	6	0.025	1
1338	168	2	-35	2	0.025	1
1339	168	3	-13	2	0.025	1
1340	168	4	-10	0	0.025	1
1341	168	5	10	0	0.025	1
1342	168	6	13	2	0.025	1
1343	168	7	35	2	0.025	1
1344	168	8	43	6	0.025	1
1345	169	1	-43	6	0.025	1
1346	169	2	-35	2	0.025	1
1347	169	3	-13	2	0.025	1
1348	169	4	-10	0	0.025	1
1349	169	5	10	0	0.025	1
1350	169	6	13	2	0.025	1
1351	169	7	35	2	0.025	1
1352	169	8	43	6	0.025	1
1353	170	1	-43	6	0.025	1
1354	170	2	-35	2	0.025	1
1355	170	3	-13	2	0.025	1
1356	170	4	-10	0	0.025	1
1357	170	5	10	0	0.025	1
1358	170	6	13	2	0.025	1
1359	170	7	35	2	0.025	1
1360	170	8	43	6	0.025	1
1361	171	1	-43	6	0.025	1
1362	171	2	-35	2	0.025	1
1363	171	3	-13	2	0.025	1
1364	171	4	-10	0	0.025	1
1365	171	5	10	0	0.025	1
1366	171	6	13	2	0.025	1
1367	171	7	35	2	0.025	1
1368	171	8	43	6	0.025	1
1369	172	1	-43	6	0.025	1
1370	172	2	-35	2	0.025	1
1371	172	3	-13	2	0.025	1
1372	172	4	-10	0	0.025	1
1373	172	5	10	0	0.025	1
1374	172	6	13	2	0.025	1
1375	172	7	35	2	0.025	1
1376	172	8	43	6	0.025	1
1377	173	1	-43	6	0.025	1
1378	173	2	-35	2	0.025	1
1379	173	3	-13	2	0.025	1
1380	173	4	-10	0	0.025	1
1381	173	5	10	0	0.025	1
1382	173	6	13	2	0.025	1
1383	173	7	35	2	0.025	1
1384	173	8	43	6	0.025	1
1385	174	1	-43	6	0.025	1
1386	174	2	-35	2	0.025	1
1387	174	3	-13	2	0.025	1
1388	174	4	-10	0	0.025	1
1389	174	5	10	0	0.025	1
1390	174	6	13	2	0.025	1
1391	174	7	35	2	0.025	1
1392	174	8	43	6	0.025	1
1393	175	1	-43	6	0.025	1
1394	175	2	-35	2	0.025	1
1395	175	3	-13	2	0.025	1
1396	175	4	-10	0	0.025	1
1397	175	5	10	0	0.025	1
1398	175	6	13	2	0.025	1
1399	175	7	35	2	0.025	1
1400	175	8	43	6	0.025	1
1401	176	1	-43	6	0.025	1
1402	176	2	-35	2	0.025	1
1403	176	3	-13	2	0.025	1
1404	176	4	-10	0	0.025	1
1405	176	5	10	0	0.025	1
1406	176	6	13	2	0.025	1
1407	176	7	35	2	0.025	1
1408	176	8	43	6	0.025	1
1409	177	1	-43	6	0.025	1
1410	177	2	-35	2	0.025	1
1411	177	3	-13	2	0.025	1
1412	177	4	-10	0	0.025	1
1413	177	5	10	0	0.025	1
1414	177	6	13	2	0.025	1
1415	177	7	35	2	0.025	1
1416	177	8	43	6	0.025	1
1417	178	1	-43	6	0.025	1
1418	178	2	-35	2	0.025	1
1419	178	3	-13	2	0.025	1
1420	178	4	-10	0	0.025	1
1421	178	5	10	0	0.025	1
1422	178	6	13	2	0.025	1
1423	178	7	35	2	0.025	1
1424	178	8	43	6	0.025	1
1425	179	1	-43	6	0.025	1
1426	179	2	-35	2	0.025	1
1427	179	3	-13	2	0.025	1
1428	179	4	-10	0	0.025	1
1429	179	5	10	0	0.025	1
1430	179	6	13	2	0.025	1
1431	179	7	35	2	0.025	1
1432	179	8	43	6	0.025	1
1433	180	1	-43	6	0.025	1
1434	180	2	-35	2	0.025	1
1435	180	3	-13	2	0.025	1
1436	180	4	-10	0	0.025	1
1437	180	5	10	0	0.025	1
1438	180	6	13	2	0.025	1
1439	180	7	35	2	0.025	1
1440	180	8	43	6	0.025	1
1441	181	1	-43	6	0.025	1
1442	181	2	-35	2	0.025	1
1443	181	3	-13	2	0.025	1
1444	181	4	-10	0	0.025	1
1445	181	5	10	0	0.025	1
1446	181	6	13	2	0.025	1
1447	181	7	35	2	0.025	1
1448	181	8	43	6	0.025	1
1449	182	1	-43	6	0.025	1
1450	182	2	-35	2	0.025	1
1451	182	3	-13	2	0.025	1
1452	182	4	-10	0	0.025	1
1453	182	5	10	0	0.025	1
1454	182	6	13	2	0.025	1
1455	182	7	35	2	0.025	1
1456	182	8	43	6	0.025	1
1457	183	1	-43	6	0.025	1
1458	183	2	-35	2	0.025	1
1459	183	3	-13	2	0.025	1
1460	183	4	-10	0	0.025	1
1461	183	5	10	0	0.025	1
1462	183	6	13	2	0.025	1
1463	183	7	35	2	0.025	1
1464	183	8	43	6	0.025	1
1465	184	1	-43	6	0.025	1
1466	184	2	-35	2	0.025	1
1467	184	3	-13	2	0.025	1
1468	184	4	-10	0	0.025	1
1469	184	5	10	0	0.025	1
1470	184	6	13	2	0.025	1
1471	184	7	35	2	0.025	1
1472	184	8	43	6	0.025	1
1473	185	1	-43	6	0.025	1
1474	185	2	-35	2	0.025	1
1475	185	3	-13	2	0.025	1
1476	185	4	-10	0	0.025	1
1477	185	5	10	0	0.025	1
1478	185	6	13	2	0.025	1
1479	185	7	35	2	0.025	1
1480	185	8	43	6	0.025	1
1481	186	1	-43	6	0.025	1
1482	186	2	-35	2	0.025	1
1483	186	3	-13	2	0.025	1
1484	186	4	-10	0	0.025	1
1485	186	5	10	0	0.025	1
1486	186	6	13	2	0.025	1
1487	186	7	35	2	0.025	1
1488	186	8	43	6	0.025	1
1489	187	1	-43	6	0.025	1
1490	187	2	-35	2	0.025	1
1491	187	3	-13	2	0.025	1
1492	187	4	-10	0	0.025	1
1493	187	5	10	0	0.025	1
1494	187	6	13	2	0.025	1
1495	187	7	35	2	0.025	1
1496	187	8	43	6	0.025	1
1497	188	1	-43	6	0.025	1
1498	188	2	-35	2	0.025	1
1499	188	3	-13	2	0.025	1
1500	188	4	-10	0	0.025	1
1501	188	5	10	0	0.025	1
1502	188	6	13	2	0.025	1
1503	188	7	35	2	0.025	1
1504	188	8	43	6	0.025	1
